image_27.jpeg 363 370 265 253 365
image_2675.jpeg 353 352 345 320 318
image_2486.jpeg 248 329 362 346 373
image_1650.jpg 353 345 373 320 0
image_904.jpg 367 264 35 141 352
image_568.jpg 138 69 140 83 371
image_1854.jpeg 355 343 294 285 309
image_263.jpg 113 11 51 22 8
image_1022.jpg 267 259 294 285 264
image_1164.jpg 245 372 367 348 362
image_2043.jpeg 335 273 305 346 284
image_990.jpg 55 354 271 144 143
image_3070.jpg 365 285 259 315 355
image_2507.jpeg 367 363 355 20 322
image_2123.jpg 88 81 102 108 87
image_237.jpg 239 152 162 198 199
image_2598.jpg 37 0 308 315 42
image_2542.jpeg 295 325 256 348 264
image_2478.jpeg 292 369 365 268 259
image_512.jpg 241 157 165 164 145
image_2350.jpg 331 281 288 300 0
image_2538.jpeg 346 366 359 131 371
image_465.jpeg 368 362 346 359 371
image_2738.jpg 178 208 212 203 182
image_1574.jpg 46 62 45 121 39
image_2012.jpg 123 78 203 104 59
image_831.jpg 207 240 238 150 349
image_90.jpg 178 208 175 182 230
image_2066.jpeg 302 248 0 362 346
image_2581.jpg 21 40 41 115 118
image_1450.jpg 300 331 276 344 20
image_2589.jpeg 365 369 315 292 282
image_158.jpeg 246 247 329 235 362
image_1320.jpg 180 182 236 222 193
image_654.jpg 55 354 349 124 309
image_42.jpeg 344 367 300 244 220
image_1690.jpg 352 320 0 252 373
image_948.jpg 17 47 98 2 217
image_2635.jpg 344 300 373 20 367
image_1319.jpg 15 5 9 108 280
image_93.jpg 29 28 362 118 0
image_254.jpeg 367 248 363 362 329
image_124.jpg 367 131 363 313 0
image_2514.jpg 103 70 56 93 138
image_547.jpg 242 147 193 182 204
image_2678.jpeg 359 346 366 358 283
image_2719.jpeg 343 355 294 306 340
image_1994.jpg 0 247 320 302 315
image_1528.jpg 28 29 362 26 373
image_735.jpeg 248 302 346 362 363
image_98.jpg 70 130 63 143 100
image_1067.jpg 142 32 217 351 197
image_1117.jpg 235 189 145 152 155
image_2852.jpeg 248 362 373 346 302
image_528.jpeg 246 247 50 298 329
image_290.jpg 9 5 15 196 280
image_1030.jpg 37 0 308 315 362
image_2744.jpg 236 144 222 220 180
image_2894.jpg 56 93 109 272 168
image_1387.jpg 212 167 230 182 207
image_1779.jpeg 295 256 325 288 351
image_2143.jpg 252 276 0 367 300
image_1587.jpg 45 2 63 31 119
image_1068.jpg 188 201 216 143 151
image_1833.jpg 72 189 127 203 198
image_1600.jpeg 347 355 363 291 315
image_1709.jpg 147 242 182 153 159
image_2122.jpg 176 235 194 207 190
image_1853.jpg 124 22 4 351 276
image_2483.jpeg 367 372 368 305 35
image_2154.jpg 98 2 47 107 63
image_857.jpeg 277 313 271 314 370
image_632.jpeg 358 360 250 249 322
image_1739.jpg 360 358 250 289 330
image_1321.jpg 217 146 180 218 182
image_2956.jpg 44 280 357 339 319
image_1521.jpeg 247 329 246 302 315
image_1007.jpeg 247 246 20 50 300
image_1936.jpeg 248 362 359 346 368
image_2061.jpg 14 118 40 21 11
image_592.jpg 336 322 311 350 304
image_2993.jpeg 251 368 252 373 265
image_2975.jpg 367 329 346 155 0
image_2339.jpg 318 320 267 353 373
image_2885.jpg 366 371 364 131 0
image_2408.jpeg 247 246 0 362 50
image_379.jpg 20 300 344 243 155
image_2113.jpg 362 320 305 363 352
image_1358.jpg 11 22 27 4 121
image_2167.jpg 216 148 146 165 182
image_1053.jpg 372 235 195 238 368
image_763.jpg 152 199 162 181 204
image_680.jpg 130 354 122 136 63
image_1039.jpg 300 121 369 267 371
image_1750.jpg 10 43 41 49 16
image_95.jpg 116 110 109 108 123
image_1234.jpg 86 27 4 23 11
image_310.jpg 73 140 138 272 69
image_891.jpg 55 99 354 217 349
image_99.jpg 242 156 131 148 165
image_871.jpg 31 63 2 319 45
image_2964.jpg 354 55 138 144 139
image_2661.jpg 242 147 146 158 153
image_207.jpg 147 177 192 185 182
image_1797.jpg 127 85 339 109 87
image_2397.jpg 108 74 102 88 87
image_1513.jpg 275 18 300 50 9
image_1238.jpg 363 367 369 300 0
image_1606.jpg 372 245 348 220 35
image_1630.jpg 359 358 248 346 250
image_2135.jpg 55 354 309 88 124
image_731.jpg 366 346 359 198 371
image_235.jpg 203 170 81 200 205
image_2369.jpg 136 109 88 108 107
image_2519.jpeg 333 342 264 305 322
image_2684.jpg 32 235 175 142 362
image_1876.jpg 370 276 367 341 371
image_1569.jpg 252 0 251 351 371
image_1632.jpg 182 180 220 217 222
image_2858.jpg 64 114 217 67 113
image_2934.jpg 83 22 11 351 354
image_194.jpg 347 345 366 353 356
image_1038.jpeg 373 320 0 32 352
image_475.jpg 101 121 58 89 88
image_199.jpg 3 373 33 1 132
image_2523.jpg 136 142 303 354 76
image_538.jpg 115 94 16 62 42
image_3061.jpg 86 282 33 98 20
image_133.jpg 35 220 325 223 354
image_36.jpg 217 182 222 236 218
image_2634.jpg 39 18 30 96 62
image_1801.jpg 215 185 149 210 172
image_541.jpeg 355 366 347 356 371
image_881.jpg 33 2 119 63 217
image_2371.jpg 151 157 185 222 169
image_1480.jpeg 276 198 281 341 300
image_2790.jpeg 368 346 373 366 248
image_277.jpg 19 51 4 339 91
image_2060.jpg 229 6 139 121 238
image_2298.jpeg 367 28 362 371 373
image_1162.jpg 104 203 78 77 123
image_1229.jpeg 246 247 50 20 244
image_968.jpg 268 321 347 356 269
image_514.jpg 25 54 139 82 351
image_1617.jpeg 346 366 335 359 373
image_1907.jpg 226 164 157 172 144
image_223.jpg 48 139 25 26 362
image_2980.jpg 64 349 280 362 250
image_2653.jpg 9 15 23 5 282
image_2742.jpeg 372 235 245 35 155
image_1741.jpg 204 104 153 156 198
image_1820.jpg 164 157 226 172 182
image_2377.jpeg 305 342 333 267 264
image_2026.jpeg 363 282 300 367 275
image_1642.jpg 252 341 367 305 370
image_2736.jpg 57 354 349 299 45
image_1152.jpg 193 222 144 163 220
image_949.jpg 10 49 41 43 351
image_1318.jpg 231 148 156 146 191
image_741.jpg 90 48 139 125 170
image_1844.jpeg 360 308 363 315 86
image_2102.jpg 60 193 69 197 217
image_2187.jpg 185 215 143 210 199
image_1908.jpeg 20 344 300 215 243
image_1503.jpg 134 203 146 111 104
image_1062.jpg 41 42 124 290 10
image_635.jpg 28 139 367 170 18
image_1429.jpg 302 248 362 0 315
image_304.jpeg 373 248 368 362 0
image_2103.jpg 150 187 213 199 142
image_2513.jpg 136 303 76 222 142
image_1762.jpeg 302 329 315 0 362
image_773.jpg 18 221 139 275 50
image_1556.jpeg 333 267 342 318 343
image_84.jpg 366 346 359 368 373
image_2044.jpg 373 367 155 371 0
image_2268.jpg 244 300 362 0 344
image_2722.jpg 43 272 41 121 49
image_69.jpeg 331 281 341 370 277
image_3041.jpg 204 153 198 104 77
image_698.jpg 11 22 27 118 4
image_1213.jpg 93 92 87 109 373
image_2002.jpg 19 51 91 63 4
image_809.jpeg 256 285 295 333 326
image_1312.jpg 38 23 210 46 33
image_1671.jpg 21 40 118 14 351
image_2456.jpg 12 20 217 2 47
image_2073.jpg 182 242 204 180 147
image_870.jpeg 246 298 247 329 244
image_939.jpeg 324 271 277 331 276
image_2265.jpg 53 59 305 83 52
image_721.jpg 367 363 313 305 119
image_2469.jpg 25 54 139 351 48
image_1597.jpg 47 217 17 12 98
image_2942.jpeg 305 264 278 342 277
image_67.jpeg 265 304 336 366 253
image_2641.jpg 25 54 139 63 351
image_558.jpg 16 80 124 61 181
image_1573.jpeg 369 0 315 121 365
image_2352.jpeg 341 344 370 367 244
image_898.jpg 182 163 7 144 220
image_114.jpeg 247 246 329 50 320
image_1482.jpg 151 222 143 223 163
image_1805.jpg 29 28 362 275 272
image_1247.jpg 67 349 142 64 105
image_1743.jpeg 325 316 20 295 220
image_1436.jpeg 247 246 50 362 329
image_2048.jpg 27 11 339 319 4
image_1014.jpg 132 1 137 235 272
image_2716.jpg 120 87 88 123 61
image_2676.jpeg 369 0 315 271 20
image_2564.jpg 27 11 4 86 19
image_2054.jpg 117 271 69 87 45
image_2552.jpg 48 139 26 362 25
image_1498.jpg 134 208 111 192 203
image_2490.jpg 369 0 268 356 271
image_2225.jpg 77 208 212 164 80
image_1721.jpg 369 271 20 0 279
image_259.jpeg 358 250 360 359 274
image_2951.jpg 247 50 246 315 18
image_2183.jpg 353 318 345 320 352
image_1826.jpg 220 193 182 236 180
image_1790.jpeg 346 359 329 373 315
image_446.jpeg 370 341 277 314 276
image_2440.jpeg 358 360 289 250 322
image_2435.jpg 356 354 285 20 259
image_1246.jpg 327 257 260 253 265
image_2973.jpg 51 113 19 11 118
image_689.jpg 55 354 88 99 199
image_772.jpg 16 181 111 124 41
image_1499.jpg 11 4 22 118 40
image_1163.jpeg 288 321 253 345 265
image_736.jpg 360 358 250 362 0
image_2573.jpg 165 164 151 241 223
image_2863.jpeg 277 313 370 299 340
image_557.jpg 175 195 142 235 217
image_506.jpeg 367 370 155 341 300
image_832.jpg 364 336 327 257 260
image_956.jpg 201 216 188 241 165
image_2120.jpg 24 23 11 118 362
image_1470.jpg 273 265 257 335 346
image_233.jpg 283 366 359 346 371
image_618.jpg 323 350 311 337 296
image_3056.jpeg 353 373 320 352 345
image_1875.jpeg 322 367 352 244 366
image_1060.jpg 154 209 173 199 210
image_690.jpg 28 339 41 351 139
image_25.jpeg 367 244 300 362 371
image_2499.jpg 343 355 294 299 309
image_412.jpg 182 151 165 146 180
image_1685.jpg 367 305 155 362 35
image_417.jpg 358 360 250 359 289
image_822.jpeg 277 313 370 271 340
image_2203.jpeg 363 281 331 298 11
image_883.jpg 25 54 139 351 82
image_639.jpeg 335 367 310 298 373
image_165.jpg 99 141 138 349 167
image_2950.jpeg 244 18 363 300 362
image_1411.jpg 13 2 351 63 45
image_2364.jpg 203 81 197 170 207
image_2201.jpg 248 302 359 362 346
image_2692.jpg 320 345 352 0 318
image_85.jpg 31 13 2 63 45
image_2125.jpeg 271 279 324 343 220
image_106.jpg 257 273 317 337 265
image_1703.jpg 163 186 217 77 235
image_321.jpg 320 352 267 221 20
image_2898.jpg 343 355 125 271 198
image_985.jpg 32 142 362 37 291
image_1575.jpg 256 326 316 280 348
image_1219.jpg 40 118 21 14 362
image_83.jpg 35 220 223 144 325
image_2146.jpg 356 363 0 358 255
image_1420.jpeg 352 320 318 363 373
image_1865.jpg 25 54 139 48 351
image_2623.jpeg 246 276 300 329 244
image_413.jpg 128 58 80 141 186
image_1459.jpg 103 111 10 351 123
image_429.jpg 45 2 64 63 109
image_1338.jpg 78 123 203 104 77
image_96.jpeg 252 276 351 281 329
image_795.jpeg 363 346 359 329 302
image_248.jpg 372 235 35 245 155
image_2075.jpg 113 51 8 11 23
image_906.jpg 285 76 53 89 309
image_812.jpeg 327 260 253 366 257
image_1919.jpg 132 1 137 272 3
image_678.jpg 111 134 178 272 124
image_396.jpg 136 354 37 359 222
image_591.jpg 7 119 161 163 2
image_2933.jpeg 320 353 318 352 267
image_697.jpg 370 367 341 276 300
image_176.jpg 165 164 241 160 201
image_2815.jpeg 358 250 360 0 359
image_1848.jpeg 369 267 315 365 266
image_52.jpg 366 336 322 258 304
image_2522.jpg 18 275 309 300 344
image_2502.jpg 194 209 239 162 158
image_2706.jpg 248 368 362 371 0
image_1497.jpg 57 97 45 349 87
image_2508.jpg 54 25 139 282 26
image_145.jpg 59 373 141 185 53
image_1553.jpg 300 244 362 20 0
image_2001.jpg 55 354 271 119 143
image_1905.jpg 356 265 347 234 296
image_2235.jpg 362 349 105 53 45
image_1050.jpg 368 367 248 373 155
image_1243.jpg 84 107 3 373 71
image_1072.jpg 11 8 27 4 334
image_306.jpeg 300 344 18 320 221
image_556.jpeg 248 329 359 346 373
image_57.jpg 74 102 108 93 137
image_1786.jpeg 363 267 300 26 285
image_134.jpg 348 295 365 264 285
image_708.jpg 44 315 280 273 27
image_2303.jpg 136 354 111 222 94
image_560.jpg 315 305 360 250 362
image_1783.jpeg 346 367 359 335 329
image_486.jpg 25 139 54 63 19
image_2356.jpg 8 334 82 285 325
image_156.jpg 212 208 230 182 101
image_553.jpeg 331 300 305 281 18
image_2877.jpg 203 197 232 167 205
image_5.jpg 139 121 6 229 101
image_2638.jpg 147 182 177 180 199
image_1759.jpg 55 354 349 88 309
image_177.jpg 204 104 203 153 77
image_1185.jpg 217 20 137 47 12
image_1042.jpeg 371 284 317 358 359
image_2734.jpg 24 23 11 118 362
image_1138.jpg 359 248 291 358 362
image_167.jpeg 60 347 367 81 362
image_649.jpg 36 2 12 217 20
image_2557.jpg 244 300 362 18 0
image_1519.jpg 33 119 2 217 86
image_2013.jpg 223 222 236 186 196
image_534.jpeg 358 250 371 0 347
image_855.jpeg 365 363 369 326 348
image_2515.jpeg 358 360 250 362 359
image_740.jpg 40 118 21 11 362
image_1015.jpeg 369 268 0 347 371
image_921.jpg 180 186 169 213 222
image_427.jpeg 335 305 251 366 368
image_2178.jpg 227 214 187 77 153
image_2296.jpg 45 2 63 109 20
image_256.jpg 275 139 91 300 9
image_1232.jpg 0 362 371 26 288
image_1893.jpg 234 210 199 233 162
image_2069.jpeg 318 320 267 353 307
image_3073.jpg 372 243 35 245 0
image_1871.jpg 348 316 326 118 295
image_2434.jpeg 265 263 322 367 252
image_600.jpeg 352 320 345 267 318
image_2929.jpeg 373 221 320 362 248
image_917.jpg 184 203 197 167 207
image_35.jpeg 346 366 359 335 198
image_146.jpeg 248 302 362 368 359
image_1252.jpg 41 42 124 30 142
image_993.jpg 1 373 3 56 170
image_436.jpg 182 225 217 230 184
image_149.jpeg 365 267 121 285 363
image_1275.jpg 166 211 186 149 183
image_1939.jpg 27 44 4 11 86
image_363.jpg 222 180 236 182 220
image_1932.jpg 108 74 88 102 87
image_718.jpeg 302 329 362 246 300
image_1069.jpg 350 361 315 308 362
image_2991.jpeg 315 308 369 0 259
image_838.jpg 203 158 232 197 205
image_3015.jpeg 288 320 0 26 371
image_545.jpg 92 109 87 93 117
image_2842.jpg 85 61 127 117 106
image_2539.jpeg 353 363 315 302 373
image_1489.jpg 193 182 148 169 231
image_1616.jpeg 302 329 315 244 50
image_2671.jpeg 369 365 308 121 363
image_1984.jpg 302 248 346 329 359
image_807.jpeg 35 305 220 325 144
image_2261.jpg 19 91 4 63 51
image_13.jpeg 277 348 271 313 325
image_1071.jpeg 355 294 299 309 285
image_2391.jpg 218 197 217 207 224
image_1316.jpg 288 353 320 345 0
image_2686.jpg 48 139 25 26 351
image_2326.jpeg 369 363 315 308 259
image_1222.jpg 372 366 368 348 220
image_780.jpg 195 162 228 225 175
image_1139.jpeg 304 336 322 317 265
image_723.jpg 209 162 151 169 228
image_1104.jpeg 359 248 362 367 366
image_612.jpg 184 205 170 202 199
image_1798.jpeg 331 300 281 298 348
image_55.jpg 163 161 7 186 217
image_2918.jpeg 20 300 220 0 221
image_33.jpg 79 80 115 66 21
image_100.jpg 18 275 309 320 50
image_1540.jpg 185 151 210 189 192
image_1935.jpeg 358 347 366 250 356
image_179.jpg 178 203 232 182 230
image_3071.jpg 37 0 21 41 329
image_1094.jpg 46 121 339 45 190
image_2750.jpeg 352 269 328 356 320
image_818.jpg 74 102 71 108 167
image_614.jpeg 369 356 365 0 355
image_2749.jpg 370 341 367 276 20
image_406.jpeg 37 0 302 329 315
image_2458.jpeg 336 341 327 364 265
image_2329.jpg 358 250 371 260 0
image_494.jpg 241 160 164 145 226
image_1314.jpeg 373 248 367 368 363
image_2011.jpg 27 11 23 86 19
image_1339.jpg 200 182 159 242 153
image_2379.jpg 362 0 371 26 323
image_224.jpg 78 123 77 59 104
image_2281.jpeg 367 370 305 245 341
image_1691.jpg 157 226 164 160 172
image_362.jpg 320 267 373 352 305
image_2039.jpg 0 329 308 315 371
image_2835.jpeg 331 300 281 363 276
image_2051.jpg 15 5 9 40 118
image_370.jpg 153 147 146 242 222
image_1560.jpeg 315 366 347 368 287
image_2241.jpeg 247 246 50 0 20
image_2302.jpg 225 203 169 182 230
image_24.jpeg 366 368 371 291 362
image_2025.jpeg 358 250 360 289 359
image_1950.jpg 165 160 201 164 241
image_457.jpeg 360 358 250 350 289
image_2679.jpg 17 47 98 2 91
image_2751.jpg 300 0 244 20 125
image_2372.jpg 87 120 88 92 56
image_210.jpg 347 155 356 32 371
image_204.jpg 285 259 82 299 328
image_1813.jpg 12 217 20 47 2
image_315.jpg 130 108 43 121 47
image_2610.jpg 358 250 360 347 251
image_1579.jpg 62 30 115 41 296
image_1140.jpg 172 206 173 226 157
image_696.jpeg 302 315 248 329 362
image_1119.jpg 53 52 200 83 59
image_1646.jpg 212 230 77 208 121
image_2171.jpg 56 93 272 373 109
image_2127.jpg 367 155 220 371 372
image_2079.jpg 12 217 2 47 20
image_1237.jpg 202 214 190 219 225
image_137.jpg 55 351 354 88 139
image_344.jpeg 345 286 352 320 353
image_153.jpg 79 80 115 94 120
image_384.jpeg 292 271 369 121 0
image_1173.jpg 213 218 169 161 235
image_1112.jpg 346 350 359 366 125
image_703.jpg 300 367 0 371 263
image_369.jpeg 343 355 271 294 299
image_785.jpg 108 74 102 136 110
image_2626.jpg 360 358 250 289 304
image_359.jpg 55 354 119 271 163
image_1045.jpg 302 315 329 308 0
image_273.jpeg 346 366 359 368 373
image_2782.jpg 20 300 371 0 221
image_951.jpg 367 347 363 28 300
image_1611.jpg 367 305 20 276 155
image_1899.jpeg 369 365 267 308 315
image_102.jpg 137 105 93 67 132
image_2196.jpg 119 7 86 161 20
image_685.jpg 317 284 322 265 336
image_767.jpg 216 170 165 151 182
image_1784.jpeg 359 358 250 302 346
image_662.jpg 320 352 318 373 0
image_2327.jpg 46 339 121 45 139
image_2253.jpg 25 54 139 282 285
image_2387.jpg 372 245 220 35 155
image_2038.jpeg 248 367 368 346 280
image_896.jpg 213 218 186 187 362
image_526.jpg 110 116 114 100 261
image_1406.jpg 224 207 197 161 218
image_2272.jpg 346 322 359 284 265
image_1341.jpg 336 322 258 299 263
image_2996.jpg 341 265 252 253 373
image_299.jpeg 363 310 302 315 248
image_2497.jpeg 352 320 318 345 267
image_1809.jpeg 331 281 300 276 298
image_2546.jpeg 318 267 320 0 352
image_1924.jpg 164 165 226 157 241
image_2189.jpeg 358 250 371 359 366
image_2777.jpg 81 88 203 349 172
image_2656.jpg 195 230 193 175 186
image_131.jpg 10 41 42 49 43
image_2431.jpg 101 121 261 89 58
image_575.jpg 0 351 37 371 139
image_1849.jpg 42 41 121 272 37
image_2163.jpg 37 0 41 42 290
image_1923.jpeg 302 315 248 362 329
image_1855.jpg 49 111 10 58 94
image_1176.jpg 356 285 259 354 347
image_2255.jpeg 367 362 371 155 373
image_2521.jpg 125 343 371 322 350
image_302.jpg 348 323 0 315 305
image_705.jpg 147 199 152 242 223
image_1645.jpg 6 229 90 139 225
image_1191.jpg 271 279 356 347 321
image_1658.jpg 57 87 349 89 351
image_1396.jpg 313 271 288 314 0
image_655.jpeg 277 370 313 288 341
image_2998.jpeg 346 366 358 359 363
image_1684.jpg 123 78 134 77 59
image_2518.jpg 186 112 124 128 104
image_2053.jpg 141 108 349 58 117
image_331.jpg 45 2 31 163 1
image_2258.jpg 209 199 183 221 162
image_510.jpeg 333 267 342 278 264
image_377.jpg 157 182 151 169 216
image_274.jpeg 248 362 329 302 373
image_1962.jpg 49 10 124 58 351
image_366.jpg 67 105 114 349 362
image_445.jpeg 358 250 360 359 371
image_2531.jpeg 363 352 367 300 315
image_1563.jpg 331 300 20 0 50
image_432.jpg 15 5 9 280 73
image_2373.jpg 140 73 185 189 138
image_139.jpg 14 118 40 121 362
image_2618.jpg 192 152 162 185 210
image_1595.jpg 358 250 359 371 360
image_1676.jpg 21 40 35 118 220
image_230.jpg 273 284 257 265 289
image_830.jpg 248 362 310 244 368
image_701.jpeg 373 368 347 363 248
image_2948.jpg 367 81 248 244 345
image_2393.jpg 358 250 371 362 0
image_1194.jpeg 302 362 248 315 329
image_2955.jpg 248 302 0 155 362
image_1479.jpeg 247 315 246 329 302
image_1329.jpeg 246 267 308 247 50
image_1615.jpg 55 99 354 217 349
image_668.jpeg 329 315 352 308 345
image_2493.jpg 57 217 187 2 87
image_61.jpeg 302 315 329 0 308
image_1760.jpg 17 47 98 2 119
image_2291.jpg 239 199 162 217 222
image_1003.jpg 80 79 115 16 134
image_2828.jpg 55 354 349 272 141
image_422.jpeg 368 373 366 248 190
image_2228.jpg 115 41 94 79 21
image_2466.jpeg 368 372 366 245 346
image_1345.jpeg 281 331 288 0 300
image_86.jpeg 252 0 351 331 300
image_637.jpeg 248 373 346 329 367
image_1122.jpeg 369 365 266 347 121
image_2007.jpeg 360 289 358 250 359
image_64.jpeg 269 328 254 259 356
image_621.jpeg 373 346 367 347 265
image_2830.jpg 57 349 354 89 82
image_1656.jpeg 302 362 248 37 0
image_2693.jpg 367 305 28 372 155
image_2947.jpg 277 276 370 0 300
image_1265.jpg 246 244 247 50 300
image_2593.jpg 257 260 337 258 265
image_2389.jpg 221 373 320 352 215
image_80.jpg 156 193 169 153 146
image_203.jpg 366 258 346 359 291
image_2184.jpg 217 20 12 47 2
image_549.jpg 131 237 133 148 203
image_1364.jpg 302 248 315 329 308
image_2745.jpg 35 220 223 339 319
image_2256.jpg 227 242 187 203 199
image_617.jpg 139 300 76 275 48
image_147.jpeg 247 0 320 373 329
image_2588.jpg 222 83 167 101 212
image_3014.jpeg 315 0 369 308 323
image_1488.jpg 273 346 257 284 265
image_2464.jpg 343 356 347 285 366
image_2647.jpg 150 187 224 213 238
image_1133.jpg 21 41 42 40 14
image_1800.jpeg 331 300 281 351 316
image_814.jpeg 302 315 346 362 308
image_1956.jpg 219 146 159 162 233
image_2559.jpg 149 174 166 172 182
image_2252.jpeg 369 365 348 347 315
image_1937.jpeg 346 373 366 329 220
image_2875.jpeg 320 300 0 20 345
image_996.jpg 213 218 187 186 234
image_656.jpg 172 226 188 164 206
image_382.jpeg 247 246 20 50 0
image_972.jpg 210 162 199 169 187
image_2504.jpg 196 198 223 180 192
image_339.jpeg 369 0 356 365 371
image_1536.jpeg 281 300 0 288 20
image_1902.jpeg 304 336 322 258 317
image_726.jpg 160 170 226 216 219
image_2713.jpg 343 328 292 271 369
image_2965.jpg 209 199 194 239 162
image_14.jpeg 248 346 359 368 362
image_1882.jpeg 369 356 0 268 121
image_2388.jpg 172 165 164 157 226
image_1481.jpg 47 217 12 339 137
image_873.jpg 305 284 335 257 265
image_2322.jpg 28 24 39 141 362
image_1934.jpg 123 59 78 134 203
image_669.jpg 356 328 269 354 347
image_2229.jpg 59 133 305 83 141
image_1143.jpg 320 300 353 352 20
image_1.jpg 8 334 325 40 118
image_1328.jpeg 358 250 366 359 362
image_228.jpg 12 217 20 2 47
image_1267.jpeg 320 0 352 300 20
image_1673.jpeg 335 373 364 366 367
image_1377.jpg 305 59 234 325 122
image_647.jpeg 302 248 346 362 363
image_2926.jpg 184 197 207 81 170
image_1262.jpeg 343 355 125 340 294
image_2357.jpg 366 368 347 371 251
image_1494.jpeg 365 348 351 0 356
image_87.jpg 235 217 175 218 152
image_1154.jpg 273 257 284 265 346
image_657.jpg 335 364 257 327 260
image_691.jpeg 365 369 271 292 121
image_2683.jpg 25 54 139 48 351
image_49.jpg 370 324 316 279 367
image_374.jpg 359 358 363 346 366
image_1349.jpg 57 217 349 47 98
image_3044.jpg 11 113 118 22 40
image_2920.jpg 238 229 235 231 193
image_2757.jpg 248 362 367 155 0
image_70.jpg 187 193 227 169 204
image_92.jpg 222 180 236 182 220
image_2269.jpg 126 354 303 81 272
image_1240.jpg 148 191 231 146 156
image_2791.jpg 267 342 278 333 318
image_2696.jpg 203 104 77 204 78
image_264.jpg 355 343 285 294 271
image_2995.jpeg 247 329 246 310 0
image_275.jpeg 372 245 348 368 371
image_2725.jpeg 246 247 329 320 0
image_1132.jpg 373 243 131 320 155
image_1271.jpg 59 285 52 267 309
image_1562.jpg 0 351 37 62 32
image_1643.jpg 257 346 260 366 253
image_754.jpg 33 119 2 272 98
image_2520.jpeg 367 155 371 362 220
image_1313.jpg 33 119 2 86 217
image_2447.jpg 193 154 163 182 162
image_1214.jpg 34 41 2 351 12
image_2957.jpg 35 220 325 362 223
image_1466.jpeg 358 250 360 251 351
image_998.jpg 362 349 53 89 197
image_1079.jpg 213 161 182 197 158
image_130.jpg 34 41 2 351 290
image_841.jpeg 248 368 373 367 362
image_2421.jpg 335 305 336 267 322
image_729.jpeg 373 344 341 367 253
image_1778.jpg 199 152 177 180 236
image_2068.jpeg 369 365 292 300 348
image_791.jpeg 305 342 333 278 367
image_123.jpg 285 259 328 254 264
image_220.jpg 157 151 143 226 164
image_1511.jpeg 335 305 307 283 346
image_1968.jpg 132 272 137 1 81
image_2480.jpg 145 143 151 184 157
image_1756.jpg 245 118 220 35 119
image_2715.jpg 245 118 220 155 243
image_1578.jpg 139 351 6 142 229
image_72.jpg 359 358 346 368 329
image_539.jpg 139 25 54 282 351
image_2355.jpg 71 97 135 373 84
image_1201.jpg 336 304 258 366 322
image_1915.jpg 251 366 258 336 304
image_192.jpg 239 223 198 153 199
image_2328.jpeg 308 346 315 359 373
image_894.jpg 55 354 143 351 144
image_1361.jpg 234 305 183 53 59
image_1698.jpg 108 102 74 110 88
image_580.jpeg 345 353 373 305 335
image_172.jpeg 372 348 220 234 35
image_2133.jpeg 322 367 346 359 198
image_58.jpeg 353 344 253 300 265
image_3022.jpeg 300 320 344 18 244
image_3003.jpeg 302 315 308 329 247
image_345.jpg 47 12 20 17 217
image_1070.jpeg 245 118 367 325 372
image_2587.jpg 213 218 232 233 197
image_18.jpg 1 132 170 59 137
image_1115.jpg 300 288 331 0 281
image_1975.jpeg 247 246 329 298 50
image_1002.jpg 54 25 139 26 282
image_2724.jpg 373 320 243 0 367
image_2667.jpeg 359 346 358 248 373
image_460.jpeg 346 335 366 284 350
image_875.jpeg 244 300 362 20 195
image_622.jpg 300 190 228 367 241
image_2988.jpeg 372 368 0 245 348
image_2637.jpg 341 245 367 252 305
image_1386.jpg 70 351 354 272 325
image_357.jpg 137 105 142 67 207
image_2359.jpg 370 305 341 276 367
image_2224.jpg 228 195 235 162 192
image_313.jpg 15 5 9 282 351
image_582.jpg 156 153 191 146 148
image_2363.jpeg 39 28 50 23 11
image_1592.jpeg 346 258 366 337 273
image_1565.jpg 57 351 89 325 62
image_2067.jpg 289 322 335 265 336
image_2822.jpg 344 300 221 198 320
image_2631.jpg 57 325 217 351 63
image_601.jpg 372 220 35 325 362
image_1395.jpeg 368 366 347 346 315
image_522.jpeg 352 321 286 318 320
image_1554.jpeg 246 247 20 50 329
image_2156.jpeg 373 368 367 347 155
image_459.jpg 48 139 26 25 362
image_1572.jpeg 352 320 373 345 353
image_579.jpg 24 23 38 371 121
image_852.jpg 313 271 299 356 314
image_1236.jpg 154 191 148 231 186
image_2860.jpeg 328 269 254 259 347
image_2257.jpeg 358 250 360 356 359
image_2710.jpg 162 152 158 186 153
image_391.jpg 186 181 163 169 144
image_2556.jpg 370 341 373 344 276
image_1618.jpeg 327 368 366 373 364
image_1881.jpg 347 356 268 253 327
image_699.jpg 168 192 204 198 183
image_454.jpg 356 347 0 371 265
image_2702.jpeg 372 371 348 220 35
image_1555.jpg 146 147 148 242 158
image_17.jpg 371 258 0 337 125
image_1415.jpg 248 362 368 0 371
image_1372.jpg 246 247 329 298 50
image_2436.jpg 346 371 367 257 300
image_2202.jpg 87 120 88 61 123
image_1078.jpeg 313 277 370 299 314
image_733.jpeg 300 373 367 155 20
image_1136.jpg 44 319 308 27 179
image_658.jpeg 247 246 50 20 121
image_1100.jpg 30 62 115 41 121
image_425.jpg 9 91 5 15 87
image_979.jpg 366 359 346 368 131
image_2943.jpeg 358 250 359 371 360
image_448.jpeg 368 373 248 367 28
image_692.jpg 248 362 371 302 155
image_954.jpeg 331 281 288 300 0
image_420.jpeg 363 281 300 0 288
image_2737.jpeg 373 352 320 32 347
image_2304.jpeg 248 359 373 346 368
image_963.jpeg 360 250 358 308 361
image_688.jpeg 248 362 0 371 310
image_1689.jpg 327 364 260 257 253
image_1024.jpeg 373 371 356 347 368
image_2773.jpg 244 300 320 352 155
image_1534.jpeg 315 308 302 37 329
image_1424.jpeg 369 365 315 121 0
image_2590.jpg 28 29 32 362 0
image_2482.jpg 20 47 217 12 2
image_2525.jpg 50 275 247 288 121
image_914.jpeg 352 320 353 345 373
image_2348.jpeg 342 333 267 305 264
image_2321.jpg 343 355 220 271 125
image_2037.jpg 226 160 157 164 172
image_2420.jpg 367 372 305 368 220
image_2475.jpg 155 157 145 185 151
image_1644.jpg 55 354 351 271 119
image_1073.jpg 39 139 32 185 215
image_2952.jpeg 302 329 244 300 362
image_2798.jpg 21 118 40 14 42
image_1476.jpg 90 139 6 339 210
image_1543.jpeg 364 327 257 366 371
image_9.jpeg 359 248 358 346 250
image_1330.jpg 122 305 339 127 354
image_513.jpeg 367 341 370 373 344
image_2271.jpeg 358 250 322 360 371
image_497.jpg 64 349 165 88 142
image_1988.jpeg 313 299 306 370 276
image_1918.jpeg 336 304 322 257 258
image_1995.jpg 273 265 257 284 346
image_2260.jpg 161 203 7 197 163
image_1987.jpeg 248 18 362 0 32
image_1894.jpeg 364 327 257 346 366
image_1631.jpeg 299 313 348 340 288
image_1508.jpg 366 346 359 125 371
image_782.jpg 135 71 349 214 272
image_751.jpg 352 286 353 345 320
image_2292.jpeg 262 288 321 286 332
image_1454.jpeg 358 360 250 359 322
image_332.jpg 305 89 53 52 76
image_1992.jpg 37 308 0 42 121
image_2867.jpg 215 199 151 210 185
image_1296.jpg 1 373 3 170 59
image_2695.jpg 127 63 109 192 138
image_2427.jpg 182 159 153 193 223
image_537.jpeg 260 337 366 257 265
image_2664.jpeg 248 346 329 368 362
image_1607.jpg 305 335 346 366 283
image_518.jpeg 336 322 366 304 265
image_1949.jpg 285 0 20 356 121
image_2126.jpg 370 341 367 344 276
image_1121.jpg 27 4 11 19 9
image_1851.jpg 248 353 362 253 300
image_2344.jpeg 305 367 220 35 348
image_1802.jpg 86 27 98 33 119
image_2796.jpeg 367 373 220 155 371
image_801.jpg 343 355 125 316 220
image_1403.jpeg 372 348 245 155 220
image_1821.jpg 46 280 18 45 339
image_806.jpg 358 250 371 359 0
image_201.jpeg 367 341 373 155 220
image_3027.jpeg 358 250 360 274 356
image_1839.jpg 302 50 37 18 362
image_1718.jpg 348 365 305 330 351
image_1953.jpeg 373 347 253 265 371
image_441.jpeg 315 363 308 365 142
image_1677.jpeg 358 250 371 359 360
image_2940.jpg 203 154 167 205 197
image_411.jpeg 247 246 329 50 320
image_2983.jpg 313 271 348 321 262
image_997.jpeg 358 250 347 359 360
image_516.jpg 363 300 244 329 246
image_862.jpg 13 2 63 89 351
image_564.jpg 28 26 4 362 67
image_1972.jpg 320 352 0 345 356
image_1624.jpg 365 266 255 348 121
image_605.jpg 226 172 157 164 160
image_1300.jpeg 341 370 367 305 276
image_2181.jpg 85 106 61 168 199
image_2783.jpg 98 2 36 163 13
image_2100.jpeg 302 315 362 0 248
image_222.jpg 32 362 0 235 142
image_1019.jpeg 342 264 316 305 295
image_2036.jpg 17 98 2 119 63
image_1520.jpg 355 343 309 294 234
image_907.jpeg 365 348 285 252 351
image_2560.jpg 271 264 326 285 121
image_1189.jpeg 355 343 294 309 271
image_1576.jpeg 315 369 363 308 0
image_269.jpg 335 367 373 155 366
image_1153.jpg 235 228 175 195 162
image_434.jpg 252 310 288 0 351
image_1405.jpg 336 304 322 258 317
image_1993.jpg 348 363 372 365 0
image_1861.jpeg 267 305 278 333 285
image_2660.jpg 126 81 42 118 354
image_1402.jpg 152 162 199 179 239
image_400.jpg 372 368 0 234 119
image_2381.jpeg 285 340 284 352 343
image_1142.jpeg 320 247 0 352 362
image_1443.jpg 360 358 250 289 308
image_991.jpg 254 259 328 269 285
image_2805.jpg 199 162 152 239 193
image_540.jpeg 50 244 267 300 246
image_2415.jpg 260 257 265 253 327
image_887.jpg 367 265 280 327 305
image_2024.jpg 366 346 373 359 368
image_3005.jpeg 345 315 352 353 320
image_1325.jpg 0 253 131 265 221
image_1057.jpeg 315 369 365 329 308
image_450.jpg 64 349 108 156 218
image_824.jpg 84 107 122 137 3
image_2571.jpg 342 333 267 278 264
image_2887.jpg 133 59 134 1 123
image_1044.jpg 33 2 119 98 217
image_330.jpg 105 137 67 207 142
image_530.jpeg 258 366 322 358 350
image_1614.jpeg 322 265 284 293 304
image_788.jpg 218 184 234 197 362
image_2636.jpeg 247 302 248 362 0
image_337.jpeg 367 370 341 305 220
image_1327.jpg 35 220 223 325 348
image_826.jpg 40 118 8 21 325
image_2600.jpg 245 348 118 220 305
image_479.jpeg 373 248 367 368 32
image_1277.jpeg 365 369 315 285 121
image_3065.jpeg 336 335 322 304 265
image_1293.jpeg 302 308 315 329 363
image_2212.jpeg 327 366 364 336 258
image_974.jpg 111 134 92 124 135
image_2869.jpeg 344 373 300 253 341
image_1620.jpg 367 341 370 305 252
image_1828.jpg 285 338 348 299 292
image_28.jpg 2 36 45 119 98
image_1817.jpg 95 87 63 92 351
image_2879.jpg 244 300 362 344 363
image_834.jpg 84 107 3 71 1
image_2010.jpg 242 147 146 148 180
image_410.jpeg 367 274 305 370 220
image_1444.jpg 353 320 373 352 318
image_442.jpg 57 217 354 349 373
image_2165.jpeg 373 352 320 329 248
image_1862.jpeg 346 359 366 358 347
image_941.jpg 59 133 53 371 185
image_260.jpg 335 366 346 359 305
image_389.jpeg 353 320 373 352 367
image_1131.jpg 87 120 123 117 61
image_878.jpg 129 66 118 40 134
image_205.jpg 305 59 185 234 325
image_681.jpg 154 169 191 186 230
image_833.jpeg 365 369 363 292 121
image_122.jpg 57 89 109 325 349
image_1360.jpg 3 373 63 48 81
image_2551.jpeg 302 315 329 362 308
image_1356.jpg 59 118 222 53 83
image_3004.jpeg 366 368 346 373 347
image_1378.jpeg 370 355 294 344 309
image_1582.jpg 8 334 325 339 82
image_1028.jpg 46 45 280 62 339
image_2376.jpg 141 122 58 127 117
image_1080.jpg 22 124 271 351 319
image_2306.jpeg 258 335 336 260 257
image_2309.jpg 359 37 302 329 346
image_2876.jpeg 368 373 346 366 362
image_2540.jpeg 368 248 373 371 0
image_1933.jpg 355 306 343 309 221
image_1181.jpg 187 214 227 182 193
image_2065.jpg 200 162 199 167 184
image_587.jpg 242 147 158 229 204
image_2753.jpg 281 300 351 0 329
image_1076.jpg 55 143 354 351 271
image_508.jpeg 373 368 155 371 367
image_756.jpg 107 124 123 59 134
image_2106.jpg 228 200 162 225 179
image_613.jpg 126 172 81 60 164
image_1527.jpg 37 0 41 32 30
image_895.jpeg 372 245 348 220 35
image_2254.jpg 41 42 30 121 34
image_527.jpg 355 367 243 371 300
image_865.jpg 8 261 334 357 101
image_2554.jpg 369 0 271 20 121
image_2105.jpg 103 109 68 10 72
image_1864.jpg 7 119 161 163 210
image_1769.jpg 197 207 224 218 203
image_2042.jpg 170 160 216 241 203
image_2267.jpg 183 166 144 211 198
image_1846.jpg 36 2 119 33 12
image_2218.jpg 192 162 204 182 193
image_401.jpg 208 178 212 167 231
image_1368.jpg 209 199 202 221 162
image_638.jpg 182 151 172 143 185
image_2814.jpeg 267 333 342 318 278
image_1437.jpg 356 0 348 266 252
image_1380.jpg 188 201 216 131 160
image_2150.jpg 358 359 366 346 371
image_1427.jpg 51 113 19 118 40
image_1695.jpeg 358 250 359 360 283
image_1716.jpg 35 220 223 325 60
image_1059.jpg 276 252 300 351 331
image_2721.jpg 367 363 373 305 362
image_940.jpg 212 208 230 167 182
image_955.jpeg 347 369 363 315 259
image_897.jpg 85 61 106 117 133
image_229.jpg 358 289 360 250 359
image_1351.jpeg 359 366 346 358 250
image_2729.jpeg 248 368 373 353 345
image_943.jpeg 367 316 348 274 363
image_2236.jpeg 251 366 373 368 347
image_2644.jpg 13 2 86 351 20
image_1199.jpeg 300 367 244 363 275
image_2419.jpeg 346 257 273 265 337
image_2027.jpg 215 185 210 237 143
image_2769.jpg 31 63 2 45 20
image_2778.jpg 223 144 222 220 196
image_2820.jpeg 253 257 364 327 260
image_482.jpg 358 250 360 0 371
image_562.jpg 257 280 300 273 244
image_440.jpg 61 16 272 193 220
image_2245.jpg 87 120 56 123 117
image_404.jpg 300 281 0 331 363
image_2890.jpeg 279 324 271 277 316
image_1031.jpg 201 165 188 164 143
image_1207.jpg 313 271 277 288 262
image_868.jpeg 372 348 245 326 220
image_3009.jpg 353 320 345 373 0
image_936.jpg 165 231 182 148 222
image_1188.jpg 163 144 7 235 119
image_1359.jpg 55 354 144 309 167
image_1179.jpg 184 205 151 169 170
image_1027.jpeg 365 369 271 315 285
image_1710.jpg 240 238 182 213 235
image_2153.jpeg 368 367 373 346 248
image_686.jpeg 248 302 362 0 371
image_1353.jpg 182 157 217 147 193
image_1776.jpg 20 12 47 217 182
image_3029.jpg 341 367 370 305 276
image_472.jpg 321 356 286 288 313
image_1272.jpg 115 62 30 12 96
image_358.jpeg 315 353 318 302 346
image_2247.jpeg 302 329 315 308 248
image_1737.jpeg 359 358 250 360 346
image_2962.jpeg 346 248 373 359 302
image_2336.jpg 366 371 346 125 368
image_1665.jpg 5 15 9 91 290
image_196.jpeg 322 305 342 265 367
image_596.jpg 336 265 304 251 335
image_2543.jpg 98 17 47 2 217
image_1980.jpg 149 185 166 143 155
image_1701.jpg 251 363 336 335 253
image_2758.jpeg 247 0 320 362 50
image_1754.jpg 157 151 160 164 165
image_188.jpg 371 0 366 190 155
image_2904.jpg 96 305 272 35 234
image_3001.jpg 373 3 33 63 45
image_1123.jpg 163 7 144 235 186
image_1911.jpeg 316 256 333 346 342
image_2280.jpeg 360 250 358 322 265
image_2064.jpeg 363 305 333 267 342
image_2451.jpeg 248 302 0 308 315
image_1672.jpg 363 287 373 320 352
image_2770.jpg 31 2 45 63 13
image_349.jpeg 367 373 248 244 344
image_2797.jpg 366 347 346 359 368
image_2981.jpg 252 276 0 300 280
image_1230.jpg 79 80 362 61 115
image_775.jpg 366 336 371 358 359
image_901.jpg 192 168 182 223 198
image_2673.jpg 103 10 111 118 300
image_2460.jpg 7 119 161 163 20
image_2603.jpg 34 41 217 12 351
image_262.jpeg 305 278 267 342 351
image_1017.jpg 354 55 144 272 271
image_2251.jpeg 304 336 258 322 363
image_245.jpg 273 257 284 346 265
image_3025.jpeg 358 250 360 356 301
image_2810.jpg 316 348 372 326 331
image_2438.jpg 64 349 142 207 88
image_565.jpg 216 148 182 180 147
image_136.jpg 136 111 63 68 108
image_1196.jpg 169 242 147 182 181
image_2089.jpg 359 362 248 346 302
image_112.jpeg 302 315 308 0 329
image_2992.jpeg 320 0 300 371 221
image_2445.jpeg 246 329 247 315 0
image_1401.jpg 88 81 87 203 121
image_1755.jpg 108 102 74 100 179
image_1679.jpg 54 25 139 282 63
image_796.jpg 206 172 182 237 226
image_2582.jpg 223 168 192 204 182
image_2553.jpg 359 358 250 360 346
image_1609.jpg 55 354 349 99 186
image_866.jpg 199 205 234 159 152
image_463.jpeg 248 368 362 302 0
image_2888.jpeg 367 370 300 341 371
image_293.jpg 281 298 288 300 0
image_2509.jpg 132 1 137 133 81
image_1421.jpeg 372 368 35 348 220
image_40.jpeg 358 250 360 0 371
image_1999.jpg 275 324 300 282 18
image_1843.jpg 363 298 288 281 291
image_679.jpg 352 320 373 345 317
image_2728.jpg 174 211 143 149 198
image_2198.jpg 142 217 164 165 32
image_2076.jpeg 355 343 294 309 316
image_2963.jpeg 368 373 248 367 362
image_1227.jpg 39 96 18 32 139
image_2510.jpeg 366 336 335 291 371
image_182.jpg 37 0 315 308 32
image_3033.jpg 41 42 30 121 20
image_189.jpeg 358 360 250 359 363
image_2022.jpeg 63 70 68 55 138
image_2622.jpeg 247 246 329 298 308
image_119.jpeg 331 281 300 363 351
image_1714.jpg 11 319 22 118 23
image_524.jpg 149 151 185 157 155
image_2976.jpeg 248 302 362 32 190
image_393.jpg 33 2 86 119 12
image_839.jpg 67 105 142 349 102
image_41.jpg 350 315 361 302 308
image_2085.jpeg 335 305 307 267 22
image_2896.jpg 356 268 259 321 347
image_960.jpg 179 163 186 149 169
image_135.jpg 248 371 362 0 302
image_3028.jpg 32 37 362 217 0
image_628.jpeg 320 353 352 373 345
image_1288.jpg 302 315 362 308 0
image_451.jpeg 346 329 359 248 362
image_101.jpeg 358 359 360 250 350
image_1664.jpg 212 230 238 173 169
image_2772.jpeg 248 368 346 359 302
image_361.jpg 47 17 137 105 98
image_2200.jpg 144 193 222 220 236
image_2537.jpg 227 184 190 205 187
image_1715.jpg 31 13 63 2 45
image_1235.jpeg 365 266 285 255 351
image_2654.jpg 107 84 59 133 78
image_1298.jpeg 267 333 264 342 307
image_1294.jpeg 304 336 322 317 258
image_2727.jpg 118 40 21 272 362
image_1812.jpg 365 271 292 121 279
image_2005.jpg 189 186 149 181 235
image_2785.jpg 22 124 144 351 109
image_2544.jpg 302 248 362 155 0
image_1446.jpg 28 63 24 39 45
image_1266.jpg 217 220 182 222 161
image_2670.jpg 55 354 143 144 351
image_953.jpg 57 2 349 325 89
image_2246.jpg 155 164 149 160 241
image_2015.jpeg 367 348 316 279 220
image_231.jpg 212 208 178 182 230
image_2098.jpg 139 298 50 23 300
image_1388.jpeg 368 373 248 347 366
image_1619.jpeg 372 368 245 367 235
image_1211.jpg 242 147 204 153 193
image_745.jpeg 302 248 346 362 329
image_328.jpeg 346 365 366 372 315
image_1495.jpeg 246 247 329 50 298
image_2164.jpg 371 373 362 363 260
image_573.jpeg 368 373 366 347 32
image_872.jpg 358 250 360 356 371
image_1883.jpg 222 180 236 220 182
image_2077.jpeg 273 257 363 253 329
image_2333.jpg 57 349 373 10 325
image_1141.jpg 302 0 362 315 329
image_945.jpg 22 124 121 316 11
image_1897.jpg 25 54 139 82 351
image_216.jpg 315 302 37 329 0
image_1733.jpg 19 91 4 51 27
image_2473.jpg 130 354 76 167 99
image_2625.jpg 366 371 368 373 346
image_519.jpg 6 190 248 225 373
image_2337.jpg 61 16 181 144 351
image_2585.jpeg 333 267 342 264 285
image_2640.jpg 73 140 93 272 109
image_1877.jpg 71 102 74 135 76
image_837.jpg 322 304 265 336 258
image_2857.jpg 102 108 64 130 73
image_1458.jpg 203 232 225 167 169
image_759.jpg 46 275 339 45 38
image_1198.jpg 313 271 299 348 288
image_1943.jpg 367 248 155 189 234
image_2839.jpg 210 152 192 162 205
image_2704.jpg 99 69 68 141 130
image_1757.jpeg 26 291 337 296 288
image_39.jpeg 267 294 285 365 343
image_1016.jpeg 346 270 265 337 371
image_317.jpg 234 146 233 227 225
image_1729.jpeg 367 305 341 335 363
image_1379.jpg 172 174 206 126 226
image_1552.jpeg 367 373 244 341 131
image_1825.jpg 175 217 195 235 228
image_1477.jpeg 370 341 367 344 347
image_336.jpeg 356 268 271 292 297
image_63.jpg 58 69 92 111 280
image_938.jpg 44 334 291 339 308
image_1605.jpg 8 325 196 339 241
image_884.jpg 231 208 148 182 175
image_937.jpg 4 14 40 19 63
image_1113.jpg 55 354 349 88 143
image_464.jpg 102 217 74 349 362
image_452.jpg 18 275 300 309 50
image_2819.jpg 253 265 284 257 317
image_1890.jpeg 335 322 336 304 317
image_1869.jpg 18 275 50 300 362
image_786.jpeg 368 373 366 248 32
image_1641.jpg 26 288 48 373 351
image_2982.jpg 219 143 146 159 205
image_1178.jpg 160 216 226 241 164
image_1550.jpeg 300 244 20 329 228
image_1383.jpg 352 320 345 0 252
image_1004.jpg 346 366 257 364 283
image_1369.jpeg 368 359 346 366 358
image_202.jpg 285 125 308 359 315
image_2501.jpg 164 157 226 165 241
image_2838.jpg 352 320 345 269 373
image_2648.jpg 227 216 184 232 182
image_32.jpg 359 358 360 315 250
image_2195.jpg 128 124 186 58 231
image_109.jpg 119 7 161 163 210
image_755.jpg 276 277 370 305 299
image_2607.jpeg 358 250 359 360 371
image_2004.jpg 313 277 271 340 288
image_2029.jpg 210 152 199 177 162
image_1970.jpg 358 250 360 371 249
image_2414.jpg 184 170 203 200 197
image_2380.jpeg 372 220 234 155 35
image_1867.jpg 9 91 113 23 19
image_208.jpg 23 4 27 300 86
image_2080.jpg 367 131 363 313 0
image_2616.jpg 363 275 18 300 48
image_79.jpg 80 79 66 129 272
image_2944.jpg 365 369 0 20 121
image_1035.jpg 304 336 363 251 265
image_1598.jpg 331 281 348 300 351
image_646.jpg 305 284 265 273 257
image_116.jpg 320 318 352 267 308
image_2050.jpg 40 118 21 8 35
image_1485.jpg 366 274 305 371 367
image_47.jpg 305 335 35 220 367
image_1525.jpg 248 310 320 300 362
image_2180.jpeg 346 371 125 359 366
image_2945.jpg 217 182 162 223 168
image_725.jpg 372 245 35 316 234
image_2439.jpg 187 214 213 227 150
image_2511.jpeg 358 359 366 346 250
image_65.jpeg 310 252 0 247 329
image_922.jpg 83 354 76 325 11
image_1449.jpg 366 260 258 257 337
image_1020.jpg 199 232 152 162 210
image_2479.jpg 180 182 222 236 147
image_162.jpg 196 147 182 223 180
image_314.jpg 315 346 369 347 362
image_2792.jpeg 358 250 360 359 356
image_1393.jpg 157 164 226 165 151
image_1594.jpg 32 362 37 0 235
image_323.jpg 164 165 201 241 160
image_554.jpg 162 195 152 239 179
image_372.jpg 6 139 229 90 48
image_2072.jpeg 258 265 322 350 336
image_43.jpeg 372 348 368 220 35
image_1863.jpg 57 163 130 354 334
image_738.jpg 134 111 65 144 16
image_2994.jpeg 363 346 350 302 335
image_2900.jpeg 278 267 342 333 318
image_758.jpg 57 325 101 320 349
image_303.jpeg 285 328 269 259 254
image_2870.jpeg 329 302 37 246 300
image_215.jpg 358 359 250 125 371
image_2323.jpg 41 42 30 121 101
image_430.jpg 204 223 77 222 158
image_889.jpg 366 368 362 371 346
image_320.jpg 55 217 99 349 351
image_180.jpeg 245 118 220 325 372
image_730.jpg 14 40 118 21 4
image_6.jpg 222 163 180 236 144
image_1337.jpg 15 5 9 325 40
image_1034.jpg 49 10 43 41 16
image_774.jpg 245 220 118 372 35
image_2330.jpg 285 171 89 354 76
image_2800.jpg 300 331 281 0 363
image_2609.jpg 67 114 291 105 349
image_2984.jpeg 302 308 329 363 248
image_567.jpeg 35 363 220 253 322
image_737.jpg 215 185 143 192 162
image_1231.jpg 26 288 48 362 139
image_1367.jpeg 367 371 359 346 0
image_2485.jpg 143 151 182 157 145
image_1278.jpg 363 322 358 360 359
image_520.jpg 120 87 168 56 88
image_2968.jpg 9 91 113 23 275
image_2837.jpg 305 273 284 367 346
image_2528.jpeg 247 50 246 315 302
image_1422.jpeg 248 373 346 329 359
image_765.jpg 136 109 111 222 354
image_120.jpg 164 157 226 151 165
image_589.jpeg 366 347 346 368 359
image_746.jpg 20 217 12 2 47
image_1593.jpeg 368 373 248 347 367
image_59.jpg 343 196 198 355 215
image_1517.jpg 363 362 367 300 0
image_2114.jpg 137 105 67 207 132
image_1725.jpg 105 137 207 167 17
image_853.jpg 41 42 235 142 121
image_1385.jpeg 289 358 322 250 293
image_1830.jpg 100 339 280 130 300
image_2831.jpg 228 240 179 145 195
image_1352.jpg 245 256 325 118 348
image_1493.jpg 48 139 51 25 339
image_1912.jpg 37 0 32 121 41
image_142.jpg 55 309 354 294 139
image_1793.jpeg 369 271 0 315 356
image_504.jpg 87 120 272 61 88
image_1884.jpg 341 367 370 305 252
image_4.jpg 80 79 129 66 139
image_1904.jpeg 278 342 285 341 322
image_2317.jpg 356 269 254 354 259
image_2142.jpg 269 356 328 254 354
image_2472.jpg 199 152 194 162 177
image_2000.jpg 48 139 26 25 196
image_1423.jpeg 260 257 366 368 367
image_603.jpg 91 23 9 139 275
image_1749.jpg 34 32 41 373 141
image_1331.jpg 47 17 98 20 2
image_2978.jpg 151 164 185 241 149
image_2275.jpg 244 300 344 329 246
image_2657.jpg 190 346 371 335 20
image_2115.jpg 367 368 305 220 371
image_2488.jpeg 346 30 96 366 38
image_1795.jpg 45 2 63 109 31
image_1815.jpg 206 182 172 226 237
image_2651.jpg 31 45 2 63 319
image_2210.jpg 308 360 350 322 361
image_1384.jpg 370 367 305 220 198
image_2630.jpeg 278 333 342 318 267
image_919.jpeg 335 350 273 305 346
image_1103.jpg 242 147 231 148 182
image_1808.jpeg 35 118 245 256 295
image_2351.jpeg 247 246 352 320 329
image_2433.jpg 193 182 220 7 180
image_2873.jpg 244 300 363 367 362
image_3057.jpg 33 2 119 373 217
image_924.jpg 344 341 370 276 253
image_2395.jpeg 257 273 322 265 284
image_1417.jpeg 281 331 300 276 298
image_2762.jpg 34 41 2 217 351
image_576.jpg 36 2 13 217 20
image_1976.jpg 121 101 261 89 58
image_1303.jpg 36 217 2 63 299
image_20.jpg 4 27 11 339 86
image_543.jpg 77 165 203 169 186
image_1333.jpeg 363 347 259 352 318
image_1145.jpg 102 88 74 135 108
image_281.jpg 134 111 65 108 124
image_3018.jpg 300 367 362 243 20
image_3013.jpg 50 247 300 121 18
image_2847.jpg 162 152 235 179 182
image_577.jpg 59 53 52 133 371
image_817.jpg 146 242 156 153 182
image_1049.jpg 34 41 2 290 351
image_2689.jpg 285 259 299 338 264
image_1963.jpg 154 191 231 148 156
image_11.jpg 59 133 371 89 90
image_1410.jpeg 267 318 353 320 352
image_1581.jpg 84 107 3 97 373
image_1261.jpg 57 45 325 349 354
image_1297.jpg 25 54 139 82 6
image_828.jpg 204 104 203 198 77
image_2190.jpeg 364 327 260 253 335
image_2223.jpg 43 10 49 41 118
image_966.jpg 228 175 235 195 161
image_931.jpeg 248 362 368 346 371
image_2040.jpg 336 304 366 251 322
image_2279.jpg 219 272 162 143 159
image_1724.jpeg 302 315 329 362 310
image_2774.jpg 3 373 63 107 135
image_1128.jpg 232 146 213 186 153
image_2872.jpg 359 346 358 250 362
image_2512.jpg 302 315 362 0 320
image_2516.jpg 275 18 309 300 50
image_1469.jpg 33 2 119 3 135
image_1086.jpeg 285 343 294 355 340
image_3048.jpeg 369 0 267 300 318
image_1886.jpg 245 220 35 118 348
image_397.jpg 358 250 274 360 301
image_536.jpg 15 5 9 325 40
image_1204.jpg 245 220 367 35 316
image_3069.jpg 77 123 78 59 133
image_2358.jpeg 367 244 300 198 365
image_1491.jpg 31 13 63 2 86
image_683.jpg 275 139 300 26 50
image_847.jpg 203 232 218 197 236
image_1770.jpg 151 182 216 157 177
image_797.jpg 356 269 328 354 347
image_1722.jpg 139 25 351 48 6
image_132.jpeg 365 369 348 0 121
image_981.jpg 5 15 9 11 20
image_2294.jpg 359 358 250 346 366
image_569.jpeg 367 370 305 341 342
image_2611.jpg 85 61 37 168 109
image_2594.jpg 71 97 74 84 123
image_750.jpg 223 198 196 179 192
image_3012.jpg 0 320 352 247 345
image_1056.jpg 89 47 137 354 17
image_3050.jpg 327 364 257 260 253
image_1971.jpeg 353 345 352 363 320
image_1771.jpg 213 218 235 197 175
image_1708.jpg 138 362 73 140 69
image_3038.jpg 174 172 143 142 182
image_219.jpg 155 149 198 152 162
image_1752.jpg 10 43 49 101 41
image_1507.jpg 145 151 160 157 143
image_2138.jpg 245 118 325 35 220
image_2030.jpeg 356 254 269 354 328
image_1967.jpeg 344 244 300 320 373
image_1842.jpeg 245 220 367 118 35
image_2977.jpeg 246 247 329 50 298
image_2893.jpg 336 322 257 253 265
image_707.jpg 289 360 250 358 293
image_888.jpeg 355 309 316 294 287
image_1217.jpg 3 1 373 63 48
image_1134.jpg 0 356 371 28 265
image_1147.jpg 216 170 182 157 151
image_2506.jpg 203 197 161 232 225
image_1738.jpg 74 93 102 354 167
image_2697.jpg 215 185 143 182 162
image_2314.jpeg 282 292 369 363 259
image_571.jpg 274 316 263 348 0
image_416.jpg 93 92 87 272 109
image_1901.jpg 18 275 300 362 50
image_709.jpeg 367 155 220 20 371
image_946.jpeg 346 155 329 198 367
image_1106.jpeg 365 285 346 315 308
image_902.jpeg 359 358 250 346 356
image_2104.jpg 199 209 162 169 152
image_1009.jpg 289 360 308 318 267
image_2883.jpg 217 163 7 144 12
image_2747.jpeg 346 359 366 283 368
image_2731.jpeg 342 284 265 293 198
image_2176.jpeg 305 285 278 267 342
image_2818.jpeg 352 329 246 373 320
image_1096.jpg 285 328 259 254 354
image_1986.jpg 134 111 51 123 108
image_307.jpeg 355 367 344 316 341
image_885.jpg 82 259 299 285 282
image_1510.jpg 247 246 329 308 121
image_2286.jpg 32 142 351 60 272
image_1688.jpeg 342 278 267 333 305
image_2158.jpg 106 85 373 272 143
image_2789.jpeg 244 246 247 300 329
image_1889.jpg 199 209 162 194 214
image_1432.jpg 154 191 162 231 209
image_2760.jpg 57 325 354 217 349
image_1390.jpeg 315 0 371 37 369
image_643.jpg 265 317 284 322 257
image_1008.jpg 165 164 151 157 143
image_1216.jpg 35 274 279 38 144
image_1249.jpeg 336 304 258 366 322
image_2211.jpg 244 365 245 105 315
image_34.jpg 186 112 211 166 169
image_292.jpeg 267 333 342 305 278
image_2813.jpg 15 40 5 118 9
image_2400.jpg 350 311 315 308 247
image_1098.jpg 246 50 247 0 329
image_46.jpg 336 304 258 366 251
image_1538.jpg 85 61 272 106 119
image_1868.jpg 336 258 304 366 322
image_471.jpg 305 335 220 35 336
image_1681.jpg 302 248 362 0 315
image_2081.jpg 123 134 78 59 203
image_2162.jpg 264 305 333 73 125
image_1357.jpeg 331 281 326 365 271
image_239.jpeg 313 271 277 314 325
image_1012.jpg 1 373 63 59 334
image_1426.jpeg 247 246 50 0 121
image_563.jpg 245 325 316 256 155
image_933.jpg 24 23 39 0 32
image_1887.jpg 4 124 11 27 22
image_1066.jpg 362 217 53 197 45
image_2382.jpg 89 41 101 121 261
image_498.jpg 21 40 118 14 80
image_2781.jpg 15 5 9 40 118
image_1233.jpg 128 124 58 43 186
image_453.jpeg 342 285 333 267 278
image_673.jpg 275 139 23 115 210
image_2723.jpg 302 248 362 0 373
image_2902.jpg 46 45 38 121 339
image_808.jpg 83 354 325 11 180
image_175.jpeg 367 28 370 316 198
image_356.jpg 367 220 305 300 363
image_1110.jpg 78 104 186 203 77
image_2088.jpg 55 354 99 138 105
image_1376.jpg 175 195 235 217 197
image_364.jpeg 257 273 346 265 253
image_2914.jpeg 302 315 308 329 37
image_38.jpeg 368 248 373 367 346
image_2906.jpg 367 305 155 341 370
image_1084.jpg 51 113 351 40 118
image_371.jpeg 246 247 50 244 0
image_1819.jpg 187 161 227 197 150
image_720.jpg 45 2 36 98 109
image_31.jpg 177 180 171 173 199
image_749.jpeg 302 247 315 246 0
image_1860.jpg 26 0 371 362 363
image_2862.jpg 358 250 360 363 371
image_10.jpeg 257 337 323 260 258
image_2602.jpg 41 42 37 101 121
image_2474.jpeg 366 346 336 258 373
image_2788.jpg 40 118 21 14 129
image_82.jpeg 302 315 248 373 346
image_2534.jpg 363 365 252 266 348
image_1526.jpg 31 2 45 373 13
image_360.jpg 22 121 11 124 101
image_1484.jpg 343 355 271 125 220
image_2244.jpg 35 220 325 362 118
image_2853.jpeg 358 371 366 359 250
image_929.jpeg 352 363 320 367 362
image_1475.jpg 90 371 362 59 76
image_1456.jpg 335 364 327 305 366
image_21.jpg 302 329 37 315 362
image_2674.jpg 200 179 199 232 173
image_2249.jpg 36 2 45 20 12
image_1418.jpg 139 6 170 349 339
image_2429.jpeg 358 250 359 360 322
image_241.jpg 55 354 144 143 124
image_2166.jpg 192 205 162 159 186
image_1460.jpeg 358 250 360 289 322
image_1680.jpeg 365 271 369 315 309
image_615.jpg 146 147 156 148 225
image_419.jpg 277 314 278 267 342
image_2063.jpg 302 315 329 37 248
image_390.jpg 248 359 362 329 0
image_1101.jpg 320 353 352 373 0
image_625.jpg 156 216 178 173 230
image_468.jpg 149 166 174 235 185
image_2259.jpg 119 7 161 163 2
image_2049.jpeg 248 368 373 367 310
image_3032.jpeg 336 251 220 304 274
image_1452.jpeg 362 0 371 315 363
image_2193.jpg 82 285 259 282 299
image_437.jpg 45 139 354 349 133
image_659.jpeg 372 245 368 371 220
image_2308.jpg 355 294 309 343 306
image_2413.jpg 0 315 198 287 320
image_346.jpeg 250 359 358 360 346
image_1089.jpg 39 139 30 6 62
image_2128.jpg 248 18 373 371 300
image_984.jpeg 353 373 320 345 318
image_2191.jpg 212 230 167 182 208
image_517.jpeg 318 320 353 267 352
image_2278.jpg 89 98 47 137 105
image_455.jpeg 320 243 20 221 300
image_2243.jpeg 347 321 358 265 332
image_523.jpeg 352 345 353 320 347
image_757.jpeg 50 247 246 11 300
image_1763.jpeg 367 362 155 189 198
image_2426.jpeg 302 329 315 37 308
image_295.jpg 137 105 217 47 142
image_2844.jpg 138 140 83 73 69
image_1116.jpg 55 354 349 309 139
image_2477.jpg 288 334 22 93 340
image_789.jpg 320 353 267 318 352
image_616.jpg 139 26 275 300 41
image_3063.jpg 106 85 143 373 75
image_103.jpeg 367 370 341 363 198
image_1040.jpg 3 373 107 1 84
image_94.jpeg 329 246 50 244 298
image_1856.jpg 363 367 373 300 344
image_1696.jpeg 347 367 243 32 320
image_1202.jpg 30 62 115 41 42
image_381.jpg 300 365 363 0 20
image_3068.jpg 180 222 236 144 182
image_911.jpeg 258 366 251 257 260
image_212.jpg 223 239 217 152 199
image_2596.jpg 138 140 73 69 70
image_113.jpg 284 273 257 317 289
image_2861.jpg 248 362 367 0 371
image_29.jpg 366 371 125 0 362
image_802.jpeg 368 346 188 366 359
image_395.jpeg 365 369 285 315 267
image_2985.jpg 79 80 115 94 129
image_407.jpg 67 349 53 207 52
image_1087.jpg 50 329 275 300 121
image_1612.jpg 139 26 48 6 76
image_1082.jpg 372 245 348 366 325
image_2179.jpg 147 242 182 173 169
image_633.jpg 15 9 5 319 87
image_1088.jpg 367 362 248 300 371
image_1845.jpg 78 104 203 59 123
image_1043.jpg 50 267 315 329 247
image_140.jpg 55 354 119 349 144
image_934.jpg 150 187 199 213 180
image_2149.jpg 161 228 16 7 169
image_2401.jpeg 345 352 320 353 373
image_1471.jpg 273 257 265 284 346
image_1682.jpg 24 28 23 63 86
image_2886.jpeg 305 335 35 342 11
image_1032.jpg 181 186 16 183 163
image_1169.jpg 302 315 308 0 362
image_2338.jpg 0 320 246 20 50
image_2233.jpg 358 250 360 359 305
image_803.jpg 41 42 30 121 101
image_2643.jpg 305 366 335 28 362
image_961.jpeg 358 250 359 322 336
image_1433.jpeg 300 362 363 244 275
image_2121.jpg 57 97 291 349 70
image_2417.jpeg 350 322 304 358 311
image_1841.jpg 97 280 136 89 139
image_144.jpg 234 233 213 182 146
image_781.jpg 216 165 148 188 151
image_609.jpg 182 147 159 242 216
image_1697.jpg 105 137 170 67 167
image_1148.jpg 212 175 208 230 167
image_1342.jpg 191 305 59 156 199
image_1983.jpg 245 118 372 35 325
image_1777.jpg 281 0 298 336 331
image_1829.jpg 302 373 320 329 190
image_529.jpg 151 143 185 222 216
image_1346.jpg 343 271 299 314 285
image_71.jpg 29 28 351 362 118
image_169.jpg 64 349 207 114 33
image_1723.jpg 226 164 157 241 165
image_1453.jpg 173 199 177 156 232
image_743.jpg 5 15 9 40 118
image_711.jpg 185 215 149 151 210
image_1124.jpg 66 129 40 21 115
image_2717.jpg 152 193 210 177 199
image_2726.jpg 360 284 289 361 358
image_2833.jpg 192 185 183 162 223
image_467.jpeg 352 345 287 320 286
image_2374.jpeg 359 358 250 371 362
image_2591.jpg 78 203 123 77 104
image_342.jpeg 329 246 276 247 121
image_800.jpeg 367 305 284 291 363
image_722.jpg 48 139 362 25 90
image_932.jpg 129 40 118 66 21
image_1075.jpg 308 350 315 359 329
image_426.jpg 34 49 10 43 111
image_2709.jpg 31 2 45 63 13
image_2424.jpeg 358 369 250 363 360
image_2349.jpg 373 248 368 362 0
image_2498.jpg 352 353 320 317 265
image_48.jpg 370 367 341 344 305
image_1740.jpg 285 0 121 264 363
image_3002.jpg 57 217 43 349 89
image_1693.jpg 204 198 104 193 203
image_1197.jpg 246 247 329 50 320
image_916.jpeg 346 366 335 368 373
image_1434.jpg 156 191 146 153 158
image_1966.jpg 130 339 354 272 357
image_3034.jpg 369 268 0 356 321
image_1095.jpeg 372 220 371 155 35
image_1533.jpg 353 320 352 373 318
image_1772.jpg 181 186 204 235 183
image_2047.jpeg 302 315 329 308 50
image_1823.jpeg 252 351 0 363 298
image_584.jpeg 343 355 294 340 309
image_3064.jpg 366 258 260 265 263
image_827.jpg 28 362 45 62 235
image_1291.jpg 352 265 346 329 198
image_2846.jpeg 18 353 320 248 373
image_892.jpeg 305 335 82 367 35
image_1639.jpg 4 19 27 11 86
image_1816.jpg 185 182 220 151 192
image_1077.jpeg 365 315 363 369 308
image_373.jpeg 335 336 322 305 304
image_2524.jpg 331 281 348 288 300
image_858.jpg 313 370 277 299 340
image_117.jpeg 284 305 289 265 317
image_1559.jpg 367 355 244 155 300
image_1977.jpg 13 119 2 20 351
image_2307.jpg 37 0 42 308 362
image_2586.jpg 12 217 20 2 47
image_694.jpg 67 105 362 114 349
image_1255.jpg 115 62 30 41 42
image_1957.jpg 45 2 63 109 133
image_347.jpg 209 199 162 152 239
image_1026.jpg 164 165 160 241 143
image_1000.jpg 55 354 272 119 349
image_2871.jpeg 346 366 359 368 373
image_1018.jpg 191 154 148 156 231
image_2157.jpg 352 320 345 373 315
image_748.jpeg 138 343 294 259 285
image_1522.jpg 19 91 51 4 27
image_1712.jpg 176 207 235 180 144
image_50.jpg 9 91 23 15 5
image_2262.jpg 55 354 349 142 351
image_604.jpg 309 354 269 45 294
image_724.jpg 57 349 325 127 89
image_108.jpeg 246 0 50 20 300
image_2347.jpg 166 165 164 241 81
image_1838.jpg 25 139 54 351 82
image_861.jpg 232 169 203 227 199
image_1787.jpg 245 118 155 220 35
image_2558.jpg 203 197 207 216 161
image_1228.jpg 369 365 315 308 266
image_1633.jpg 134 208 16 111 65
image_2481.jpg 250 358 359 248 360
image_2741.jpg 276 300 0 344 220
image_2836.jpeg 331 326 324 281 277
image_920.jpg 130 354 76 167 99
image_343.jpg 369 365 292 255 288
image_1083.jpeg 265 365 252 348 0
image_542.jpg 18 32 39 275 309
image_1545.jpg 372 35 220 316 264
image_607.jpg 163 169 7 217 195
image_1959.jpeg 244 300 276 246 329
image_492.jpg 138 99 140 354 73
image_2763.jpeg 363 282 348 331 271
image_1348.jpeg 342 264 309 278 285
image_787.jpeg 372 348 326 245 298
image_2092.jpg 189 235 198 149 192
image_97.jpeg 285 82 259 264 299
image_821.jpg 309 354 373 139 57
image_1195.jpeg 248 347 131 0 362
image_2666.jpeg 331 281 351 277 298
image_1903.jpeg 358 250 360 359 371
image_348.jpeg 201 198 344 244 188
image_1190.jpg 91 275 278 370 9
image_308.jpg 11 4 5 22 339
image_1648.jpg 27 86 4 11 339
image_2740.jpeg 247 329 315 246 310
image_2453.jpeg 361 346 318 308 363
image_2399.jpeg 366 346 359 371 283
image_1055.jpg 22 339 124 121 11
image_1487.jpeg 281 288 331 298 304
image_1858.jpeg 346 359 283 366 335
image_2462.jpg 342 278 333 264 305
image_760.jpg 41 42 124 30 34
image_473.jpg 42 41 30 101 37
image_435.jpg 71 84 272 97 135
image_1332.jpg 18 275 309 300 282
image_1505.jpeg 367 305 220 346 373
image_1997.jpg 5 15 9 91 282
image_2941.jpg 25 54 139 82 63
image_544.jpg 195 175 228 235 225
image_1102.jpg 12 20 217 47 33
image_2057.jpg 25 139 54 82 6
image_1340.jpg 105 137 67 142 207
image_1064.jpg 35 21 220 40 305
image_2353.jpeg 348 313 271 314 277
image_148.jpg 285 259 308 366 318
image_2404.jpg 343 355 294 309 285
image_2136.jpg 57 101 373 362 349
image_2505.jpg 25 139 54 282 99
image_2989.jpg 50 247 329 302 315
image_1610.jpg 201 188 373 165 157
image_2129.jpg 142 32 217 351 197
image_2868.jpg 55 354 88 349 299
image_845.jpeg 346 366 260 283 253
image_578.jpg 36 2 217 63 98
image_1761.jpg 10 49 43 41 101
image_1253.jpeg 346 366 359 368 335
image_496.jpeg 271 279 292 20 369
image_186.jpg 44 308 20 27 357
image_2437.jpg 188 201 216 131 160
image_2642.jpg 257 327 265 317 260
image_2052.jpeg 335 322 367 305 363
image_449.jpeg 247 353 246 329 352
image_784.jpg 39 272 185 215 96
image_1837.jpg 22 319 124 11 339
image_2361.jpg 213 187 169 158 191
image_2856.jpg 367 305 220 155 20
image_152.jpg 12 20 217 2 47
image_2633.jpeg 82 285 264 259 299
image_1455.jpg 205 209 151 219 210
image_1052.jpg 177 185 182 192 157
image_2033.jpg 369 0 315 365 356
image_2086.jpeg 35 220 305 252 198
image_561.jpg 358 0 366 362 359
image_1430.jpeg 360 358 250 308 249
image_1371.jpg 366 368 346 362 371
image_1334.jpg 8 325 334 236 196
image_570.jpeg 346 366 359 368 373
image_234.jpg 22 267 124 307 335
image_2496.jpeg 308 315 259 369 318
image_2533.jpg 360 361 308 358 250
image_1978.jpg 236 222 180 146 182
image_1810.jpg 169 157 206 182 147
image_2532.jpg 302 362 248 0 315
image_2274.jpg 57 217 349 98 347
image_2771.jpg 366 346 368 291 373
image_73.jpg 106 85 61 233 76
image_1506.jpg 134 280 111 80 65
image_1566.jpg 4 27 307 86 11
image_1090.jpg 366 371 335 280 373
image_2118.jpg 210 177 199 173 162
image_2922.jpg 103 133 351 143 62
image_1872.jpg 302 362 0 248 371
image_2282.jpg 343 355 271 316 125
image_2365.jpg 1 373 59 3 170
image_1678.jpeg 298 310 281 50 362
image_648.jpg 89 101 121 47 261
image_2487.jpg 368 373 0 371 155
image_470.jpg 41 42 10 30 121
image_1814.jpg 358 359 250 371 356
image_1635.jpg 194 209 305 158 199
image_1834.jpeg 248 302 362 371 190
image_666.jpeg 368 366 371 373 367
image_243.jpg 182 242 147 204 193
image_1287.jpg 305 59 5 53 98
image_645.jpg 38 339 11 23 319
image_1099.jpg 336 304 265 258 322
image_1254.jpg 93 92 87 373 272
image_1400.jpg 10 49 111 101 43
image_500.jpg 246 247 0 50 20
image_684.jpg 12 217 2 137 20
image_1158.jpg 183 181 186 166 211
image_1309.jpg 28 4 234 349 117
image_1947.jpg 120 87 123 61 88
image_2550.jpg 194 209 162 239 199
image_1910.jpg 358 250 360 362 371
image_2677.jpg 70 291 354 309 325
image_2580.jpg 96 155 190 335 131
image_2219.jpg 360 350 358 250 362
image_2270.jpeg 259 269 347 254 354
image_2595.jpg 320 352 373 32 0
image_1657.jpg 165 241 164 216 151
image_2703.jpg 93 272 109 92 56
image_2101.jpg 164 165 160 241 151
image_325.jpg 300 244 362 275 18
image_2107.jpeg 302 315 248 362 359
image_2821.jpeg 369 315 0 308 288
image_2889.jpg 40 118 21 26 362
image_1065.jpg 265 356 347 366 373
image_91.jpg 366 364 283 335 327
image_2711.jpg 247 310 320 329 353
image_1502.jpg 233 234 202 225 219
image_843.jpeg 346 315 302 248 373
image_2425.jpeg 373 248 367 329 346
image_76.jpg 244 344 367 300 370
image_2972.jpg 157 226 151 241 145
image_3024.jpeg 367 305 342 155 220
image_3017.jpg 366 346 315 368 323
image_1295.jpeg 302 315 308 0 362
image_2627.jpg 362 32 248 244 0
image_1878.jpg 358 250 360 359 274
image_717.jpg 143 184 211 217 151
image_2152.jpg 347 367 371 363 244
image_552.jpeg 359 362 360 358 315
image_1542.jpg 315 308 363 332 346
image_716.jpg 59 123 129 133 78
image_1260.jpeg 352 320 244 221 353
image_1370.jpg 370 276 341 367 300
image_2565.jpg 0 351 37 121 371
image_1852.jpg 269 328 352 347 259
image_2958.jpg 170 216 203 207 197
image_3030.jpg 6 229 139 20 225
image_590.jpg 212 208 77 178 230
image_2759.jpeg 308 350 315 38 371
image_2385.jpeg 244 302 363 246 362
image_1909.jpg 155 201 157 172 174
image_1047.jpg 144 222 236 180 220
image_1781.jpg 74 108 102 180 137
image_2668.jpg 313 277 316 0 370
image_81.jpg 170 151 182 184 143
image_712.jpg 346 371 329 373 265
image_278.jpg 10 43 49 272 128
image_2362.jpeg 44 250 360 358 289
image_859.jpg 145 160 162 192 143
image_1720.jpg 372 220 348 371 35
image_719.jpg 142 63 32 130 197
image_2148.jpg 18 275 50 309 288
image_1767.jpg 182 217 235 147 178
image_3045.jpg 36 13 2 98 45
image_1996.jpg 256 316 295 245 325
image_3011.jpg 22 8 51 4 40
image_200.jpg 244 247 64 300 363
image_2334.jpg 55 354 349 246 139
image_810.jpg 358 250 360 359 265
image_667.jpg 28 29 101 362 139
image_1539.jpg 101 121 261 116 89
image_2032.jpg 16 181 61 33 115
image_3020.jpg 365 292 0 121 20
image_2849.jpeg 343 355 294 271 309
image_879.jpg 338 279 324 271 285
image_777.jpg 206 172 201 226 182
image_1397.jpg 70 339 309 351 271
image_1764.jpeg 372 245 331 220 316
image_3042.jpeg 363 300 362 244 275
image_1317.jpg 202 225 233 219 190
image_2576.jpeg 367 371 362 155 300
image_1168.jpeg 265 317 373 344 284
image_338.jpg 313 0 271 348 121
image_3006.jpg 89 47 101 98 288
image_1306.jpg 251 252 265 332 323
image_1803.jpg 101 121 89 261 111
image_1221.jpg 177 185 199 192 220
image_261.jpeg 260 366 327 364 257
image_276.jpg 366 335 125 350 283
image_1149.jpg 257 220 336 371 280
image_1409.jpg 46 45 339 121 143
image_2476.jpg 57 98 63 89 325
image_2765.jpg 67 105 362 349 114
image_160.jpg 352 345 320 353 373
image_2767.jpg 0 369 356 358 360
image_2577.jpeg 247 352 246 353 329
image_585.jpg 197 184 207 218 217
image_2091.jpg 55 354 349 99 351
image_405.jpg 41 42 10 124 231
image_1257.jpg 300 185 371 320 59
image_1264.jpg 359 346 366 358 302
image_3062.jpeg 368 274 366 371 323
image_2301.jpg 59 83 133 53 305
image_629.jpeg 327 364 253 257 260
image_2878.jpeg 359 366 350 346 149
image_2082.jpg 10 49 43 101 41
image_183.jpg 358 360 250 289 359
image_1942.jpg 32 362 37 142 235
image_2465.jpg 26 0 262 362 323
image_258.jpg 135 71 165 109 93
image_992.jpg 74 108 120 122 58
image_2619.jpg 4 27 19 23 124
image_1782.jpg 35 223 220 325 182
image_2070.jpg 335 273 265 284 257
image_2891.jpg 166 183 211 201 217
image_672.jpg 192 153 189 185 159
image_969.jpg 46 339 272 275 121
image_770.jpg 1 63 59 170 3
image_890.jpg 217 57 187 349 87
image_2892.jpg 353 320 373 352 345
image_75.jpg 286 306 320 340 287
image_1006.jpeg 366 359 346 368 371
image_2094.jpg 22 4 11 124 305
image_1425.jpeg 244 300 362 367 221
image_744.jpg 131 148 237 201 172
image_2712.jpg 149 174 166 155 185
image_1177.jpg 15 5 9 118 40
image_398.jpg 216 160 201 170 226
image_2276.jpg 100 282 272 305 280
image_1021.jpg 57 357 69 47 373
image_2110.jpeg 347 327 260 253 270
image_1010.jpg 359 346 358 257 273
image_1945.jpg 204 104 198 193 203
image_1859.jpg 41 30 62 21 42
image_2159.jpeg 358 250 337 360 270
image_1544.jpeg 26 302 363 248 353
image_602.jpg 360 250 358 139 292
image_1925.jpg 55 354 349 123 105
image_1501.jpg 139 62 30 275 115
image_2231.jpg 358 367 250 371 274
image_2823.jpg 128 186 272 58 77
image_2324.jpg 208 129 134 78 123
image_423.jpeg 367 329 155 346 252
image_611.jpeg 367 363 362 300 245
image_2045.jpg 37 315 0 308 329
image_2130.jpg 225 202 199 162 190
image_599.jpg 220 367 371 372 35
image_1092.jpg 354 55 143 349 351
image_1941.jpg 111 16 181 41 124
image_2536.jpg 48 139 25 51 26
image_1347.jpg 154 156 191 173 199
image_975.jpg 136 109 198 143 217
image_3.jpeg 271 348 321 277 0
image_1085.jpg 366 346 359 258 283
image_2174.jpg 352 320 363 315 0
image_665.jpg 169 77 240 232 157
image_2402.jpg 127 56 93 109 272
image_1602.jpg 215 185 143 210 182
image_297.jpeg 365 125 285 82 329
image_1107.jpg 145 228 143 151 179
image_836.jpg 2 13 45 351 63
image_2649.jpeg 302 244 246 329 362
image_1706.jpeg 302 37 362 0 315
image_1811.jpg 47 12 17 98 2
image_1344.jpg 369 292 358 356 0
image_1623.jpg 216 151 160 170 165
image_456.jpg 199 210 209 240 177
image_1717.jpg 108 102 74 351 349
image_474.jpeg 369 315 0 288 323
image_2093.jpeg 277 271 313 314 279
image_1281.jpg 98 17 47 2 63
image_1785.jpg 191 148 156 154 182
image_376.jpg 368 248 371 155 0
image_2209.jpeg 359 346 350 258 337
image_2403.jpg 285 89 76 53 62
image_559.jpg 358 250 360 371 0
image_2615.jpg 226 164 157 160 172
image_3051.jpg 352 320 32 373 0
image_610.jpeg 248 367 373 368 362
image_1365.jpg 66 129 80 118 79
image_820.jpg 41 42 124 30 10
image_959.jpg 55 354 349 143 124
image_1567.jpeg 352 345 373 320 269
image_2137.jpg 368 366 346 359 347
image_1061.jpg 352 373 353 265 329
image_1208.jpeg 365 0 266 348 121
image_1036.jpg 149 185 166 143 174
image_238.jpg 271 356 0 279 347
image_1051.jpg 80 285 53 89 305
image_1305.jpg 11 4 22 27 118
image_2650.jpeg 370 341 367 344 342
image_1447.jpg 26 41 25 139 48
image_1192.jpeg 336 322 304 366 263
image_1799.jpg 66 129 118 79 40
image_56.jpg 304 336 322 258 317
image_1775.jpeg 327 366 364 274 367
image_1692.jpeg 308 315 37 300 0
image_535.jpeg 372 326 245 348 325
image_976.jpeg 366 368 346 373 371
image_1732.jpeg 358 250 360 359 322
image_2690.jpg 57 111 89 62 349
image_2884.jpg 308 59 89 234 325
image_1299.jpg 252 0 351 281 363
image_2739.jpg 55 354 373 88 101
image_2041.jpeg 244 344 198 300 131
image_285.jpg 286 320 306 352 340
image_2008.jpg 348 365 331 305 300
image_2222.jpeg 367 198 220 341 371
image_335.jpg 65 133 112 227 134
image_671.jpg 347 352 362 320 32
image_651.jpg 136 133 109 111 354
image_2775.jpg 245 220 118 371 155
image_2624.jpg 367 348 305 363 282
image_533.jpeg 310 315 302 248 308
image_909.jpg 29 28 362 118 272
image_551.jpeg 365 369 308 121 315
image_2232.jpg 246 247 50 244 329
image_970.jpg 57 309 307 253 349
image_271.jpeg 294 355 343 309 299
image_1182.jpg 200 170 182 216 159
image_572.jpg 164 157 241 165 151
image_893.jpg 193 192 185 182 242
image_1408.jpg 359 358 371 250 32
image_1621.jpg 73 140 138 272 69
image_877.jpg 89 59 325 127 371
image_2454.jpg 151 143 157 216 210
image_693.jpg 134 111 129 80 65
image_2859.jpeg 342 305 264 333 285
image_2384.jpeg 346 359 358 368 366
image_1472.jpg 57 89 308 10 354
image_206.jpg 350 315 336 353 352
image_2732.jpg 159 182 184 147 205
image_387.jpg 368 371 0 248 362
image_1564.jpeg 366 371 346 274 260
image_1492.jpg 20 12 47 98 217
image_2173.jpg 288 281 331 300 363
image_2003.jpeg 277 271 314 305 324
image_597.jpg 42 41 305 30 338
image_2829.jpeg 273 350 346 335 302
image_1668.jpg 216 157 159 160 182
image_1928.jpeg 344 373 119 300 320
image_2368.jpg 353 345 352 320 286
image_428.jpg 355 343 294 125 316
image_1773.jpg 41 42 30 124 121
image_1412.jpg 200 173 182 210 177
image_447.jpg 367 370 341 276 198
image_930.jpg 213 186 240 218 362
image_1675.jpg 265 322 251 358 305
image_944.jpg 359 358 346 250 366
image_444.jpg 14 118 40 351 63
image_631.jpg 300 367 155 362 244
image_2605.jpg 69 117 214 138 140
image_727.jpg 367 305 370 220 198
image_294.jpg 281 300 0 331 276
image_1753.jpeg 369 315 308 365 121
image_2410.jpg 370 367 341 276 305
image_2217.jpg 201 165 188 155 241
image_1120.jpg 4 339 296 27 319
image_125.jpg 39 18 30 96 59
image_2248.jpg 367 370 341 363 275
image_458.jpg 4 27 15 22 11
image_2186.jpg 153 156 182 204 146
image_844.jpg 57 272 349 354 10
image_1428.jpg 138 73 140 349 339
image_2685.jpeg 365 369 300 271 0
image_1126.jpg 178 235 189 182 179
image_1969.jpeg 322 289 358 265 250
image_2718.jpg 248 371 155 190 0
image_1166.jpg 317 284 293 322 257
image_1929.jpg 88 102 87 81 92
image_2227.jpeg 366 260 323 263 258
image_1011.jpg 24 23 28 63 64
image_593.jpg 67 105 349 217 114
image_2147.jpeg 347 259 268 356 269
image_2903.jpeg 369 244 347 363 315
image_1304.jpeg 372 348 366 245 234
image_650.jpg 55 349 354 246 142
image_1389.jpeg 271 300 281 299 277
image_1350.jpeg 248 363 362 373 300
image_860.jpg 358 250 359 360 363
image_300.jpg 363 300 0 288 281
image_2569.jpg 315 302 308 329 362
image_2864.jpg 373 320 367 344 300
image_2234.jpg 322 289 360 284 308
image_1577.jpeg 345 320 352 318 373
image_1129.jpg 289 359 0 293 284
image_499.jpg 164 160 241 226 165
image_715.jpg 359 346 362 358 371
image_462.jpeg 322 336 257 305 304
image_864.jpg 18 275 309 300 50
image_2652.jpg 110 69 63 107 70
image_627.jpg 82 285 289 284 293
image_619.jpeg 368 347 373 366 362
image_1263.jpg 19 91 4 27 339
image_1955.jpg 94 77 115 169 99
image_1847.jpeg 302 329 362 315 248
image_2691.jpg 209 199 162 228 156
image_2570.jpeg 348 326 365 264 288
image_695.jpeg 82 285 259 267 318
image_2937.jpg 136 354 82 37 193
image_193.jpeg 331 288 281 221 298
image_1463.jpg 40 118 8 21 35
image_309.jpg 197 218 184 207 203
image_2240.jpeg 281 331 348 300 351
image_2295.jpg 300 367 244 344 155
image_1375.jpg 162 152 239 199 210
image_3037.jpg 31 45 2 63 121
image_2418.jpg 18 275 300 309 272
image_1588.jpg 273 257 253 265 346
image_2366.jpg 360 358 250 289 322
image_1628.jpeg 344 300 244 220 20
image_1705.jpg 17 98 47 339 2
image_2866.jpeg 372 35 245 0 215
image_1686.jpg 29 28 362 272 119
image_2226.jpeg 318 345 353 320 373
image_2442.jpg 49 10 47 124 208
image_1590.jpg 284 293 289 322 359
image_1920.jpg 358 250 359 371 360
image_713.jpg 57 97 111 107 101
image_195.jpg 195 175 235 217 169
image_266.jpg 228 235 162 209 239
image_2971.jpeg 316 331 274 372 348
image_30.jpeg 367 305 235 248 362
image_1193.jpeg 368 373 248 347 371
image_1093.jpg 248 302 362 155 371
image_2318.jpg 232 178 208 203 182
image_3026.jpg 331 348 300 271 288
image_3053.jpg 87 120 123 56 61
image_2663.jpg 344 300 341 20 267
image_2938.jpg 188 201 93 142 83
image_1951.jpeg 20 221 243 155 300
image_2019.jpeg 365 315 20 348 369
image_12.jpg 358 250 360 362 363
image_1125.jpg 218 197 217 224 207
image_1468.jpg 50 18 351 329 275
image_111.jpg 83 143 325 354 152
image_1663.jpg 205 213 161 190 154
image_1464.jpeg 248 302 362 0 371
image_623.jpeg 373 320 368 371 32
image_110.jpg 160 226 157 216 143
image_2802.jpeg 363 305 285 348 0
image_903.jpeg 281 288 348 271 298
image_3049.jpg 13 2 351 63 45
image_912.jpg 305 234 59 53 65
image_935.jpeg 367 344 355 38 20
image_867.jpg 248 362 371 0 243
image_1895.jpg 248 373 362 368 32
image_2443.jpg 356 259 285 269 328
image_2412.jpg 105 137 84 1 98
image_2083.jpg 38 157 173 23 235
image_2423.jpg 302 315 308 329 346
image_1118.jpg 284 265 317 273 335
image_794.jpg 285 308 59 305 98
image_1416.jpg 158 191 156 242 231
image_2776.jpg 218 197 207 224 184
image_255.jpg 219 189 205 162 159
image_849.jpg 352 320 373 345 353
image_2809.jpg 4 27 11 19 86
image_257.jpg 17 98 47 2 217
image_2574.jpg 152 199 210 162 187
image_1888.jpg 115 30 62 79 42
image_2566.jpg 309 354 45 133 101
image_2020.jpg 363 299 12 7 35
image_1269.jpg 226 157 164 160 172
image_1146.jpg 29 362 28 63 118
image_1960.jpg 65 53 52 67 167
image_2394.jpg 84 107 3 373 137
image_1796.jpeg 365 265 351 367 105
image_121.jpg 95 41 299 354 167
image_1311.jpeg 247 0 246 362 20
image_2568.jpg 157 160 226 172 164
image_2293.jpg 302 248 362 0 315
image_899.jpg 186 211 166 235 183
image_2055.jpg 305 59 52 89 117
image_469.jpg 55 271 119 354 138
image_501.jpeg 362 363 0 302 37
image_2407.jpg 212 208 182 230 167
image_1913.jpg 348 326 264 325 316
image_2632.jpg 289 360 284 250 322
image_251.jpeg 315 352 329 273 37
image_319.jpg 82 285 264 295 259
image_2662.jpg 371 323 0 361 296
image_16.jpg 234 89 325 53 59
image_2450.jpeg 244 300 18 362 0
image_433.jpeg 313 277 325 285 340
image_409.jpg 8 325 334 339 101
image_1726.jpg 51 113 40 118 11
image_2597.jpeg 355 294 309 306 343
image_2905.jpg 365 315 264 308 285
image_2841.jpg 155 201 185 166 235
image_104.jpeg 369 121 300 371 0
image_2140.jpg 182 180 236 222 147
image_3000.jpg 46 121 339 62 272
image_1081.jpeg 363 373 367 248 362
image_1651.jpg 246 247 50 329 298
image_1023.jpg 322 370 347 265 305
image_415.jpg 55 354 123 349 88
image_2604.jpg 61 16 144 181 101
image_1940.jpeg 366 258 335 364 327
image_747.jpeg 247 0 329 246 345
image_2310.jpg 257 260 327 283 317
image_1183.jpg 125 366 359 346 358
image_967.jpg 43 124 10 105 49
image_1541.jpg 29 28 362 272 275
image_22.jpeg 300 344 320 221 244
image_1398.jpg 359 358 250 346 366
image_476.jpeg 355 294 267 343 309
image_161.jpg 31 2 45 63 88
image_385.jpg 354 55 271 299 144
image_226.jpg 23 91 9 339 5
image_1465.jpg 367 344 300 373 155
image_2354.jpeg 346 283 359 335 366
image_2530.jpeg 364 327 366 253 265
image_676.jpeg 372 348 220 35 234
image_1323.jpeg 244 252 300 247 50
image_1653.jpg 129 40 66 80 118
image_2204.jpg 370 367 341 198 131
image_2124.jpg 31 2 63 45 319
image_240.jpeg 336 304 322 335 265
image_1063.jpg 143 182 151 216 241
image_1991.jpg 26 139 48 362 118
image_2300.jpeg 367 316 371 362 220
image_1866.jpg 42 41 30 10 124
image_1259.jpeg 247 0 362 315 32
image_1175.jpg 248 371 362 0 155
image_2277.jpeg 367 368 366 347 373
image_1789.jpg 351 139 6 339 168
image_1603.jpg 8 334 325 196 118
image_1308.jpg 353 315 288 345 320
image_1514.jpg 10 124 63 49 101
image_2548.jpg 45 2 63 31 81
image_2720.jpeg 358 250 359 360 371
image_1382.jpg 37 308 41 0 42
image_141.jpeg 302 329 315 308 37
image_641.jpg 148 191 154 156 231
image_863.jpg 320 352 353 373 0
image_2599.jpeg 245 118 372 220 348
image_171.jpeg 298 281 331 274 288
image_128.jpg 163 161 217 7 182
image_190.jpg 71 74 102 108 84
image_1451.jpeg 248 362 363 373 0
image_876.jpg 367 300 155 371 20
image_2263.jpg 117 69 45 87 271
image_1440.jpg 222 236 180 185 182
image_3021.jpeg 342 305 338 333 271
image_2921.jpg 26 139 118 48 25
image_2457.jpeg 346 273 257 359 362
image_477.jpg 33 2 135 63 86
image_2345.jpg 248 367 373 329 346
image_2555.jpg 348 121 365 285 255
image_8.jpeg 248 362 198 244 353
image_2056.jpeg 346 362 359 358 366
image_1431.jpg 19 91 51 54 4
image_2341.jpg 248 302 315 362 363
image_3066.jpg 48 139 25 51 26
image_1604.jpg 358 366 250 359 346
image_842.jpg 160 151 157 216 143
image_846.jpg 103 72 168 148 93
image_2960.jpg 152 199 177 173 162
image_1343.jpeg 336 304 258 322 366
image_1205.jpg 310 248 373 368 18
image_329.jpg 158 242 199 194 227
image_2701.jpg 47 20 12 17 217
image_2411.jpg 57 98 354 2 307
image_2290.jpeg 365 348 369 121 265
image_1874.jpeg 244 373 329 300 344
image_2907.jpg 223 196 204 222 198
image_825.jpg 222 182 180 220 236
image_2489.jpg 191 156 148 199 154
image_2242.jpg 236 180 222 182 220
image_1625.jpg 60 88 69 63 81
image_1005.jpeg 370 341 253 313 265
image_1151.jpg 202 225 199 233 190
image_2266.jpg 76 89 171 53 305
image_341.jpg 372 245 118 325 35
image_1629.jpeg 366 346 359 283 258
image_2756.jpg 192 185 223 168 183
image_2132.jpg 359 358 250 360 346
image_1647.jpeg 50 246 247 0 300
image_2108.jpg 116 4 110 109 13
image_1239.jpg 39 96 62 50 24
image_129.jpg 366 368 371 362 0
image_1439.jpg 175 240 195 235 217
image_2882.jpeg 247 246 50 329 298
image_1244.jpg 244 362 300 248 0
image_1916.jpeg 342 278 333 267 318
image_2288.jpg 165 216 241 164 170
image_2795.jpeg 343 355 294 271 299
image_854.jpg 18 32 339 373 275
image_2199.jpg 44 350 319 308 27
image_2806.jpg 33 2 119 135 217
image_1171.jpg 60 201 134 280 111
image_2112.jpg 10 49 43 41 42
image_1906.jpeg 322 336 304 265 257
image_181.jpeg 327 364 335 257 366
image_2392.jpg 285 328 259 254 269
image_598.jpg 157 164 172 193 226
image_1157.jpeg 358 250 360 371 359
image_2319.jpg 352 367 320 373 0
image_2824.jpg 2 33 119 45 63
image_1700.jpg 366 260 258 327 257
image_1638.jpg 331 271 300 281 348
image_1206.jpg 235 218 217 175 213
image_2923.jpeg 367 300 244 370 220
image_2613.jpg 92 87 109 102 290
image_762.jpg 3 373 107 63 81
image_74.jpeg 262 0 247 363 320
image_1324.jpg 49 10 63 101 47
image_761.jpg 1 170 3 373 81
image_2078.jpg 336 322 304 305 263
image_952.jpg 98 2 47 17 12
image_608.jpg 33 2 119 3 135
image_1822.jpg 172 157 165 164 9
image_1374.jpg 3 373 1 33 63
image_1054.jpg 51 113 118 11 48
image_493.jpg 139 97 45 57 111
image_1373.jpeg 352 320 0 265 280
image_1203.jpg 111 59 45 1 107
image_53.jpg 365 369 20 371 155
image_2808.jpg 216 170 182 160 151
image_1626.jpg 5 15 9 11 40
image_2095.jpeg 358 360 289 250 322
image_2428.jpg 185 143 215 192 177
image_1634.jpg 125 126 71 82 294
image_298.jpg 341 370 367 237 305
image_2899.jpg 178 242 231 179 169
image_402.jpg 178 197 182 208 147
image_491.jpg 32 371 320 0 322
image_487.jpeg 260 257 258 366 327
image_2801.jpg 170 184 151 203 216
image_1669.jpg 58 140 108 73 102
image_2297.jpg 45 2 109 63 81
image_1654.jpeg 247 329 246 310 0
image_1896.jpg 46 280 121 45 339
image_675.jpg 130 118 87 69 40
image_2058.jpg 166 186 183 211 165
image_2779.jpg 358 250 360 347 289
image_1580.jpg 124 80 79 111 58
image_421.jpeg 320 352 267 363 362
image_2484.jpg 265 252 0 322 276
image_677.jpg 193 16 7 180 220
image_1788.jpg 145 235 189 228 182
image_2936.jpeg 369 0 288 271 121
image_3043.jpeg 365 267 355 285 367
image_2946.jpg 1 373 56 63 334
image_2500.jpeg 373 368 367 371 362
image_502.jpg 25 54 139 63 81
image_714.jpg 362 371 302 0 190
image_2035.jpg 55 354 349 156 351
image_1290.jpg 147 242 182 180 146
image_2931.jpg 160 241 164 216 165
image_211.jpg 231 176 148 218 208
image_1270.jpeg 341 253 370 293 270
image_2979.jpg 346 273 257 335 371
image_2230.jpeg 367 373 220 32 20
image_403.jpeg 247 246 50 320 315
image_2220.jpg 366 371 155 190 373
image_595.jpg 366 368 373 371 367
image_1362.jpg 121 101 89 58 373
image_322.jpeg 369 363 271 0 121
image_1167.jpeg 353 363 320 373 352
image_1165.jpeg 358 360 250 332 330
image_1474.jpeg 248 373 346 363 368
image_1224.jpeg 358 359 250 360 274
image_2059.jpeg 342 305 333 338 264
image_1702.jpg 197 218 224 207 167
image_418.jpeg 358 366 359 283 250
image_1558.jpg 358 250 359 371 360
image_159.jpg 299 341 370 329 276
image_790.jpg 356 274 358 269 268
image_2807.jpeg 267 333 278 342 264
image_2617.jpg 25 139 54 48 282
image_1366.jpg 247 246 315 0 50
image_2097.jpeg 372 348 245 155 326
image_1649.jpeg 360 255 250 358 289
image_753.jpg 136 354 303 111 37
image_327.jpg 197 218 207 142 217
image_1589.jpg 56 93 168 109 61
image_2028.jpg 11 40 118 319 334
image_1156.jpg 94 124 77 101 41
image_1515.jpg 373 320 345 352 315
image_2880.jpeg 315 345 329 352 246
image_769.jpg 19 113 27 118 51
image_2313.jpg 197 218 207 224 217
image_1220.jpg 353 320 345 352 373
image_1818.jpeg 248 362 0 155 371
image_1530.jpg 232 156 203 197 214
image_478.jpeg 331 281 288 300 373
image_154.jpeg 315 308 369 267 365
image_2342.jpeg 322 336 366 258 317
image_490.jpg 299 313 277 370 271
image_289.jpg 195 175 162 184 218
image_1961.jpeg 26 363 315 362 302
image_19.jpg 203 78 104 123 77
image_484.jpeg 313 299 314 271 340
image_2748.jpeg 358 250 360 359 371
image_2315.jpeg 358 360 250 308 359
image_555.jpg 364 367 198 366 305
image_439.jpeg 355 309 343 340 198
image_2206.jpeg 302 315 329 308 248
image_848.jpg 62 0 35 38 30
image_2409.jpg 98 2 63 217 12
image_704.jpeg 333 267 264 318 305
image_37.jpeg 358 250 360 0 371
image_249.jpg 18 275 309 300 339
image_155.jpg 35 342 333 264 220
image_778.jpg 70 130 63 68 272
image_2017.jpeg 315 302 346 329 362
image_950.jpg 250 358 360 322 289
image_2111.jpg 358 359 250 371 346
image_620.jpeg 367 368 372 220 245
image_2074.jpg 211 186 169 181 163
image_1462.jpg 51 113 19 118 40
image_706.jpg 302 308 329 315 362
image_198.jpeg 244 362 300 221 320
image_170.jpg 372 348 325 326 245
image_1985.jpg 302 248 362 0 315
image_926.jpg 185 143 215 166 151
image_642.jpg 230 182 169 232 175
image_2658.jpg 200 228 159 182 161
image_1310.jpg 347 369 363 348 300
image_2214.jpeg 285 333 352 320 278
image_163.jpg 346 336 284 366 335
image_3031.jpg 86 98 4 23 2
image_2207.jpg 113 51 19 23 11
image_581.jpeg 257 260 253 346 371
image_2916.jpg 358 250 359 289 293
image_3036.jpg 119 7 161 86 2
image_2383.jpg 82 285 259 264 282
image_1394.jpg 124 58 74 122 108
image_994.jpg 356 269 373 347 354
image_566.jpg 38 373 157 142 190
image_816.jpg 56 93 109 108 137
image_1931.jpg 0 351 362 252 37
image_1025.jpg 57 109 97 87 108
image_1964.jpg 300 331 281 0 288
image_3052.jpeg 358 250 360 359 265
image_509.jpeg 346 257 366 284 265
image_2672.jpg 370 367 341 276 305
image_184.jpg 136 354 351 109 142
image_1728.jpg 11 22 339 118 27
image_2463.jpg 64 114 280 89 261
image_221.jpeg 267 259 365 315 285
image_2151.jpeg 365 308 267 329 318
image_2471.jpg 343 294 355 285 299
image_1768.jpg 45 2 63 109 1
image_1413.jpeg 336 304 322 257 265
image_2444.jpg 86 23 98 129 312
image_880.jpg 364 366 327 373 371
image_829.jpeg 368 323 274 262 260
image_431.jpg 360 358 250 356 308
image_311.jpg 322 289 350 358 360
image_1223.jpg 55 354 351 271 143
image_265.jpeg 359 368 346 248 366
image_2997.jpeg 335 305 367 220 35
image_2119.jpeg 247 246 0 50 20
image_2584.jpg 126 81 354 63 142
image_652.jpg 55 354 124 349 123
image_1974.jpg 118 40 21 14 4
image_928.jpeg 368 248 373 362 310
image_2754.jpg 257 273 346 265 253
image_1727.jpeg 248 368 362 373 371
image_489.jpg 16 41 181 43 10
image_1180.jpg 181 16 235 186 183
image_2908.jpg 285 338 299 264 322
image_166.jpg 285 76 89 309 53
image_2194.jpg 369 365 271 292 20
image_973.jpg 90 139 125 202 48
image_1186.jpeg 246 247 298 244 329
image_1627.jpg 30 62 115 41 42
image_78.jpg 203 77 78 104 123
image_1746.jpeg 247 0 50 246 320
image_923.jpg 96 62 115 220 305
image_2766.jpeg 247 246 362 50 320
image_2881.jpg 372 348 368 245 366
image_54.jpg 367 362 300 244 215
image_157.jpeg 346 359 366 358 368
image_583.jpg 149 185 143 155 166
image_886.jpg 228 145 235 195 155
image_244.jpeg 305 342 318 333 278
image_1279.jpg 352 320 20 300 244
image_2192.jpeg 155 362 371 348 365
image_2698.jpg 353 320 288 373 352
image_2939.jpg 85 61 106 80 117
image_687.jpg 59 305 170 53 68
image_1537.jpeg 362 0 371 358 363
image_1218.jpeg 246 50 329 247 300
image_1335.jpeg 253 327 257 265 364
image_218.jpg 37 0 308 32 315
image_461.jpg 320 318 352 345 267
image_1585.jpeg 244 353 300 352 320
image_1661.jpg 372 245 348 326 368
image_2283.jpg 359 32 371 366 0
image_1111.jpg 70 130 99 138 63
image_2009.jpeg 305 367 331 300 342
image_511.jpg 16 111 181 61 193
image_88.jpeg 246 298 247 329 244
image_1037.jpg 48 139 25 51 26
image_1662.jpg 200 162 159 182 199
image_819.jpg 45 2 63 319 36
image_2895.jpg 193 182 180 222 161
image_288.jpeg 246 329 244 247 0
image_664.jpeg 369 315 365 0 266
image_1435.jpg 49 10 43 121 290
image_1546.jpeg 370 277 341 294 314
image_480.jpg 45 43 271 10 309
image_2139.jpg 366 315 0 32 291
image_1274.jpeg 363 276 282 278 305
image_380.jpeg 347 373 353 345 248
image_2780.jpg 23 11 113 9 24
image_138.jpg 57 354 217 47 325
image_1284.jpeg 350 361 359 358 315
image_682.jpg 372 348 316 245 371
image_1674.jpg 22 339 319 288 354
image_301.jpg 373 368 248 371 190
image_1523.jpg 248 353 373 310 368
image_964.jpg 299 313 348 277 321
image_2826.jpg 6 139 373 121 155
image_1307.jpg 97 89 261 133 57
image_51.jpg 257 346 265 273 284
image_1736.jpg 82 285 264 259 267
image_2927.jpg 185 188 151 165 143
image_1568.jpg 242 163 186 169 213
image_2287.jpg 315 50 302 308 329
image_2168.jpg 115 275 86 270 296
image_2145.jpg 331 271 363 288 281
image_1159.jpg 246 247 244 329 50
image_1751.jpeg 363 365 309 285 294
image_318.jpg 54 25 139 282 63
image_1840.jpg 56 93 272 109 373
image_653.jpeg 358 250 347 360 356
image_291.jpg 147 146 242 182 148
image_1187.jpeg 347 285 287 352 316
image_1591.jpg 240 195 175 225 228
image_1504.jpeg 372 348 245 198 0
image_68.jpeg 363 244 329 373 142
image_1601.jpg 185 371 59 275 362
image_2517.jpg 213 187 218 235 186
image_913.jpg 355 294 309 343 340
image_1659.jpeg 350 361 359 308 315
image_2919.jpg 204 104 223 77 203
image_225.jpg 113 11 51 4 27
image_1248.jpg 193 190 205 182 16
image_779.jpg 367 300 344 341 371
image_3060.jpeg 363 291 247 50 362
image_2452.jpg 20 12 33 47 86
image_1900.jpg 348 326 256 295 118
image_2659.jpeg 355 220 347 20 343
image_2851.jpg 67 349 291 105 217
image_1857.jpg 302 308 315 329 0
image_247.jpg 47 49 124 10 58
image_2250.jpg 21 115 14 40 271
image_2467.jpg 29 28 362 272 339
image_3039.jpg 39 18 210 96 272
image_483.jpeg 373 344 367 341 253
image_644.jpg 233 146 234 147 180
image_2935.jpeg 344 373 352 320 353
image_986.jpg 211 186 166 183 149
image_1930.jpg 10 49 43 101 111
image_1608.jpg 13 2 20 119 351
image_2840.jpg 313 314 321 348 340
image_3059.jpg 89 101 121 41 124
image_2182.jpg 8 325 363 339 362
image_1791.jpg 193 169 180 227 187
image_2572.jpg 23 24 86 115 20
image_546.jpg 41 42 30 10 101
image_1245.jpg 45 2 63 87 109
image_2090.jpg 136 303 143 167 37
image_2583.jpg 23 300 5 9 276
image_2786.jpeg 358 250 360 322 359
image_305.jpg 186 232 163 169 77
image_2117.jpg 20 47 217 12 2
image_1001.jpg 57 217 163 41 349
image_1835.jpg 27 4 86 339 9
image_2735.jpeg 302 248 362 0 371
image_1636.jpeg 246 244 247 50 300
image_443.jpg 275 139 300 18 50
image_394.jpg 31 63 2 45 86
image_2854.jpeg 358 359 250 371 0
image_1734.jpeg 370 341 344 305 278
image_283.jpg 247 298 50 0 246
image_2755.jpeg 302 308 315 329 362
image_15.jpg 49 10 111 58 351
image_2784.jpg 245 207 220 198 325
image_2999.jpg 197 218 224 184 207
image_2987.jpg 367 300 355 198 244
image_2714.jpg 313 299 306 340 277
image_236.jpg 360 358 250 289 359
image_66.jpeg 247 246 50 329 363
image_1137.jpg 4 27 11 124 44
image_915.jpg 353 318 267 320 373
image_1870.jpg 366 346 371 155 257
image_1880.jpg 193 16 182 181 169
image_983.jpg 0 362 371 26 248
image_1982.jpeg 300 316 363 331 367
image_869.jpg 300 244 20 344 0
image_2799.jpg 40 118 21 14 362
image_507.jpeg 246 247 329 244 300
image_365.jpg 234 233 182 203 167
image_2370.jpg 45 2 63 109 31
image_2967.jpg 245 316 372 42 348
image_1938.jpg 288 331 300 281 0
image_1660.jpg 108 102 74 180 222
image_296.jpeg 368 245 372 366 346
image_624.jpg 320 353 352 373 18
image_1355.jpg 279 324 271 316 277
image_2592.jpg 358 359 250 360 289
image_1518.jpg 336 322 304 250 358
image_2406.jpg 38 243 190 131 155
image_2969.jpg 44 319 308 357 315
image_2144.jpg 191 156 148 154 193
image_2188.jpeg 369 0 20 371 300
image_752.jpg 160 216 164 165 241
image_2239.jpeg 358 250 360 371 359
image_2526.jpg 157 151 145 213 187
image_630.jpg 55 354 143 138 144
image_1155.jpg 49 10 43 41 42
image_1640.jpg 206 182 172 201 165
image_312.jpeg 358 360 250 301 292
image_1548.jpeg 269 328 259 254 297
image_326.jpg 103 106 93 109 81
image_2764.jpg 305 342 245 344 347
image_2023.jpg 360 358 250 332 0
image_1683.jpeg 358 250 360 359 274
image_771.jpg 12 20 47 217 119
image_1827.jpg 59 133 53 371 63
image_2629.jpg 366 371 356 347 0
image_2682.jpg 243 28 35 131 38
image_1532.jpg 89 76 285 339 62
image_2491.jpg 288 281 300 331 0
image_1744.jpg 55 119 143 354 144
image_178.jpg 68 63 351 362 10
image_1161.jpg 65 53 180 142 52
image_2034.jpeg 331 281 298 288 304
image_2832.jpg 0 362 302 315 371
image_606.jpg 170 151 216 160 241
image_1486.jpg 22 113 351 11 319
image_962.jpeg 341 370 367 373 253
image_783.jpg 223 222 144 220 217
image_1273.jpg 16 61 111 181 43
image_1622.jpg 93 92 109 180 225
image_1731.jpg 144 217 163 220 222
image_2396.jpg 43 10 80 124 181
image_2803.jpg 356 347 269 254 259
image_3010.jpeg 305 348 264 277 342
image_2817.jpg 17 98 2 47 119
image_1948.jpg 246 247 50 20 0
image_1144.jpg 234 215 38 28 210
image_574.jpg 371 366 0 28 155
image_1280.jpg 358 250 359 360 371
image_1989.jpg 21 115 62 79 30
image_1850.jpg 72 127 109 189 272
image_856.jpg 33 2 119 98 12
image_2084.jpg 203 197 184 170 232
image_1952.jpg 92 109 95 123 102
image_2367.jpg 151 143 185 145 160
image_242.jpg 348 326 316 304 256
image_2449.jpg 64 88 165 299 143
image_2669.jpeg 335 257 280 305 253
image_2099.jpg 184 197 203 205 232
image_768.jpeg 368 366 274 372 367
image_1922.jpg 30 62 115 41 42
image_1711.jpg 170 184 203 216 151
image_350.jpg 33 2 63 119 98
image_594.jpg 366 265 347 368 373
image_151.jpeg 279 363 278 267 324
image_2974.jpeg 353 318 320 352 198
image_2216.jpg 23 300 4 275 11
image_353.jpeg 322 317 358 284 293
image_1719.jpeg 359 346 366 358 250
image_1973.jpg 152 162 199 179 223
image_2.jpeg 298 281 50 300 362
image_1509.jpg 356 297 269 347 259
image_766.jpeg 345 0 320 371 300
image_2932.jpg 372 298 245 220 35
image_2843.jpg 128 112 186 124 58
image_1794.jpeg 368 346 373 359 366
image_835.jpg 137 105 207 167 67
image_3067.jpg 370 341 344 367 276
image_1461.jpg 42 41 121 30 101
image_26.jpg 103 109 351 164 93
image_2708.jpg 47 20 17 12 98
image_3007.jpg 245 367 118 372 155
image_1135.jpeg 355 343 294 309 125
image_1531.jpg 57 349 354 309 351
image_89.jpg 355 343 309 285 125
image_2221.jpg 320 352 373 0 243
image_805.jpg 236 180 222 144 183
image_3016.jpg 134 111 65 208 40
image_485.jpeg 295 256 348 316 300
image_995.jpg 372 348 368 0 245
image_1283.jpeg 346 302 329 248 362
image_414.jpg 89 101 10 111 58
image_661.jpg 117 354 87 282 69
image_23.jpg 227 231 154 194 184
image_2016.jpg 203 184 197 178 151
image_1666.jpg 71 92 3 84 107
image_2386.jpg 101 121 58 89 373
image_1524.jpg 221 300 20 155 73
image_375.jpg 193 181 16 182 171
image_1879.jpg 300 367 244 344 343
image_126.jpg 156 191 146 148 180
image_495.jpg 213 186 187 169 193
image_1551.jpg 262 310 0 362 252
image_2953.jpg 139 26 48 275 300
image_957.jpg 192 177 223 185 196
image_1210.jpg 45 2 109 133 81
image_60.jpg 135 71 93 359 168
image_2694.jpeg 248 373 368 362 367
image_2949.jpg 47 17 137 142 217
image_1596.jpg 257 273 335 346 284
image_811.jpeg 345 352 315 320 0
image_2874.jpg 271 331 155 196 20
image_2441.jpeg 367 371 220 155 28
image_272.jpeg 288 331 363 300 281
image_525.jpg 14 21 118 105 40
image_1529.jpg 204 193 181 198 182
image_1891.jpg 144 88 371 67 154
image_2924.jpg 55 354 119 349 272
image_799.jpg 36 2 12 20 217
image_1215.jpg 29 28 21 351 118
image_1758.jpg 42 41 30 62 10
image_1637.jpeg 365 271 20 0 369
image_1419.jpg 32 0 37 362 351
image_1289.jpeg 322 284 317 265 250
image_900.jpeg 279 271 324 277 316
image_1074.jpeg 372 155 368 371 220
image_2430.jpg 111 124 134 230 112
image_1804.jpeg 355 343 294 299 285
image_2237.jpg 313 271 314 343 299
image_2455.jpg 350 322 308 304 258
image_2161.jpg 46 139 18 275 39
image_965.jpg 239 199 162 158 193
image_197.jpg 336 304 265 257 258
image_2046.jpeg 264 363 348 267 333
image_217.jpeg 346 329 248 373 371
image_1687.jpg 359 358 366 250 346
image_2954.jpg 223 217 220 198 35
image_2812.jpeg 358 250 360 371 359
image_214.jpg 241 165 216 151 164
image_2655.jpg 15 5 9 196 133
image_1399.jpg 177 232 205 152 204
image_1336.jpg 369 365 215 0 243
image_850.jpg 203 170 216 197 184
image_355.jpg 367 198 244 300 221
image_1704.jpg 229 193 238 16 182
image_1765.jpeg 331 281 288 300 351
image_636.jpeg 328 254 259 285 354
image_971.jpeg 356 268 347 271 297
image_127.jpg 358 250 359 131 371
image_3008.jpg 367 305 198 373 220
image_586.jpeg 248 302 190 346 315
image_2446.jpg 136 111 143 137 107
image_2299.jpg 70 309 32 354 325
image_702.jpeg 331 363 316 300 348
image_7.jpg 204 104 198 203 153
image_2730.jpg 3 63 373 1 81
image_2311.jpeg 278 333 276 312 267
image_918.jpeg 352 320 318 373 353
image_874.jpg 367 243 371 300 155
image_2606.jpeg 372 245 316 348 220
image_2172.jpg 248 346 373 368 363
image_1286.jpg 27 4 11 86 44
image_1172.jpg 118 40 21 11 362
image_2816.jpg 206 172 201 226 182
image_2031.jpg 156 153 146 242 193
image_2284.jpg 179 198 169 182 181
image_2986.jpg 196 180 182 223 179
image_977.jpg 213 186 187 234 231
image_2116.jpeg 300 244 344 362 18
image_2238.jpg 16 61 181 33 111
image_1150.jpeg 352 345 315 320 373
image_1954.jpg 363 331 281 348 300
image_2665.jpg 51 113 22 11 118
image_1354.jpg 19 113 51 91 4
image_2109.jpg 178 182 230 180 148
image_2752.jpg 263 260 366 265 274
image_1965.jpg 110 69 63 88 114
image_118.jpg 192 177 152 185 162
image_927.jpg 300 329 20 221 155
image_466.jpg 130 354 136 349 167
image_2578.jpg 169 179 180 203 189
image_947.jpg 59 305 53 325 127
image_351.jpeg 248 302 362 373 0
image_2680.jpg 36 2 12 20 33
image_851.jpg 76 53 184 88 4
image_253.jpg 14 40 118 21 66
image_1114.jpg 346 366 335 359 273
image_2071.jpg 144 193 222 236 180
image_2811.jpg 370 341 367 276 313
image_174.jpg 305 59 117 89 264
image_1713.jpg 346 362 248 302 329
image_232.jpg 29 28 362 119 339
image_2461.jpg 2 98 17 47 119
image_1442.jpg 206 172 165 81 164
image_1438.jpeg 369 365 315 356 121
image_1363.jpeg 345 0 323 262 281
image_3023.jpeg 320 353 352 234 345
image_1225.jpg 320 353 352 0 247
image_2346.jpeg 359 362 358 371 366
image_1655.jpeg 250 358 360 359 289
image_424.jpeg 358 359 250 360 289
image_2646.jpg 88 81 60 87 108
image_1391.jpeg 371 0 20 322 315
image_2961.jpg 177 199 180 182 185
image_173.jpg 55 354 349 143 119
image_2699.jpeg 373 347 328 354 366
image_1160.jpg 305 59 83 53 68
image_905.jpg 218 197 207 224 180
image_2014.jpg 109 349 57 49 351
image_2825.jpg 109 116 110 102 108
image_368.jpeg 365 369 315 267 0
image_1735.jpg 229 238 195 112 212
image_1200.jpg 35 220 223 325 334
image_340.jpg 70 309 143 130 63
image_1033.jpg 217 163 195 146 148
image_1707.jpg 20 12 47 217 86
image_378.jpeg 246 329 267 247 276
image_1315.jpg 102 74 71 73 92
image_227.jpg 124 111 16 181 58
image_2911.jpeg 365 369 315 234 122
image_978.jpeg 343 355 294 309 125
image_1058.jpg 133 59 1 123 349
image_1483.jpg 45 2 63 109 133
image_2917.jpg 18 275 50 39 300
image_1652.jpg 139 6 205 216 215
image_284.jpg 48 139 26 25 51
image_3035.jpg 12 217 20 2 47
image_2416.jpeg 363 275 35 367 300
image_1496.jpg 36 2 20 119 12
image_2018.jpg 175 195 235 362 230
image_2134.jpg 235 152 162 145 228
image_1873.jpeg 366 356 347 368 359
image_2273.jpeg 329 246 247 308 50
image_1584.jpeg 320 353 373 352 300
image_2141.jpg 143 151 157 219 170
image_626.jpeg 267 333 365 363 348
image_2340.jpg 363 288 291 281 362
image_1667.jpeg 363 315 308 362 350
image_2205.jpg 0 362 26 248 371
image_739.jpg 242 182 147 204 193
image_1251.jpeg 359 346 358 366 371
image_1535.jpeg 346 257 366 258 284
image_2612.jpg 371 373 346 364 283
image_2912.jpg 41 42 30 121 124
image_270.jpg 151 169 157 143 182
image_2316.jpeg 352 320 373 353 345
image_3072.jpg 358 250 360 359 371
image_2535.jpg 341 370 347 327 253
image_2503.jpg 77 78 123 104 133
image_107.jpeg 262 26 288 0 362
image_1898.jpg 203 232 204 158 154
image_1250.jpeg 279 278 370 324 331
image_1599.jpg 46 121 69 362 18
image_1292.jpg 194 154 231 179 190
image_2897.jpg 366 260 323 258 263
image_1478.jpg 138 140 99 205 203
image_1226.jpg 49 10 111 43 58
image_1441.jpg 10 49 41 16 63
image_1885.jpg 300 320 20 59 371
image_2360.jpg 355 343 309 294 125
image_3058.jpg 247 246 329 50 298
image_354.png 289 335 305 342 333
image_1570.jpeg 362 0 315 371 37
image_1407.jpg 55 354 349 139 272
image_2289.jpg 57 97 349 89 144
image_700.jpeg 302 0 315 362 308
image_1670.jpg 223 222 220 325 144
image_3040.jpeg 331 300 281 288 220
image_634.jpg 72 109 127 136 68
image_1780.jpg 15 5 40 9 118
image_989.jpg 346 315 368 302 248
image_2175.jpg 53 285 52 89 45
image_3046.jpeg 285 259 318 267 294
image_999.jpg 144 222 236 220 180
image_185.jpg 251 368 362 0 248
image_2343.jpg 70 309 284 354 100
image_2390.jpg 74 102 108 71 93
image_1130.jpg 218 197 207 217 184
image_2529.jpg 55 354 349 217 99
image_168.jpg 48 139 105 25 111
image_1958.jpg 145 178 172 212 179
image_2331.jpg 331 281 288 351 271
image_1946.jpeg 305 335 11 22 35
image_663.jpg 25 54 139 101 351
image_640.jpg 159 191 156 148 182
image_2405.jpg 25 54 139 82 6
image_1212.jpg 48 139 25 26 51
image_287.jpeg 302 315 329 346 308
image_488.jpeg 326 348 365 313 325
image_515.jpg 178 200 173 145 195
image_1473.jpg 353 320 315 345 352
image_1097.jpg 1 263 63 373 170
image_1512.jpg 206 172 226 182 201
image_1747.jpg 3 373 33 63 1
image_1774.jpg 276 0 313 121 271
image_367.jpeg 355 309 294 343 306
image_1326.jpeg 336 304 258 335 323
image_2579.jpeg 372 245 348 220 326
image_388.jpg 367 138 73 370 362
image_1892.jpeg 331 281 351 288 300
image_1766.jpeg 368 0 372 371 363
image_2901.jpeg 367 248 368 362 244
image_1927.jpeg 367 373 344 352 221
image_2495.jpeg 300 320 373 344 362
image_2448.jpg 354 309 349 105 45
image_1184.jpg 59 107 123 133 78
image_2794.jpg 147 242 146 153 182
image_2827.jpg 123 78 59 134 203
image_2915.jpeg 247 310 304 298 0
image_2494.jpg 245 220 35 0 118
image_982.jpg 156 173 169 153 193
image_1457.jpg 177 171 199 180 182
image_115.jpg 59 109 83 130 53
image_1490.jpg 358 360 250 249 301
image_2562.jpg 315 248 302 363 367
image_1981.jpg 197 184 218 217 207
image_250.jpg 88 81 349 288 108
image_2930.jpg 3 63 373 48 1
image_2705.jpeg 302 248 329 315 373
image_1516.jpg 356 269 297 254 354
image_2470.jpeg 259 285 267 318 82
image_2850.jpg 41 42 30 62 10
image_1301.jpg 221 183 205 209 203
image_386.jpeg 285 82 299 365 316
image_1561.jpg 92 109 102 272 95
image_531.jpg 215 185 182 143 170
image_2459.jpeg 257 336 265 253 335
image_2959.jpeg 250 358 356 265 332
image_728.jpg 313 0 277 276 271
image_2170.jpg 70 309 32 45 349
image_1745.jpg 302 362 315 329 0
image_2733.jpg 128 107 58 137 84
image_503.jpeg 302 315 362 308 329
image_1917.jpeg 372 245 348 234 35
image_1832.jpg 17 98 47 2 119
image_333.jpg 355 343 294 309 306
image_1109.jpg 179 198 191 239 144
image_2614.jpg 160 216 226 164 182
image_2062.jpeg 331 288 281 300 285
image_1586.jpeg 344 373 320 309 352
image_1448.jpeg 0 292 300 362 262
image_1392.jpg 358 323 327 260 265
image_840.jpg 358 253 270 260 293
image_958.jpg 25 54 139 82 351
image_804.jpeg 247 353 315 320 345
image_2575.jpeg 302 329 315 308 362
image_2305.jpg 147 192 182 177 185
image_2398.jpeg 373 346 248 329 0
image_2432.jpg 50 247 329 246 300
image_1258.jpg 129 66 40 118 134
image_1926.jpg 363 315 367 362 50
image_910.jpg 358 0 250 371 362
image_1699.jpg 151 163 217 220 7
image_399.jpeg 355 294 306 309 299
image_1547.jpeg 363 372 368 348 362
image_1914.jpg 55 354 144 143 119
image_1029.jpg 12 217 20 47 2
image_550.jpg 245 372 325 220 35
image_1571.jpg 359 358 250 346 125
image_279.jpg 358 250 359 360 322
image_1256.jpg 347 367 346 368 373
image_2925.jpg 38 11 121 319 339
image_3054.jpg 185 151 192 143 177
image_1322.jpeg 364 251 335 373 327
image_2177.jpg 154 218 231 191 213
image_105.jpg 153 199 182 147 242
image_1990.jpeg 365 264 198 338 325
image_1276.jpg 344 373 300 367 243
image_2966.jpg 6 229 139 371 215
image_1748.jpg 341 370 367 305 20
image_793.jpg 108 74 251 351 252
image_2707.jpg 352 363 0 35 348
image_521.jpeg 285 264 342 259 316
